# q1 q2 r F
4.176050e-04 3.264842e-04 5.812081e-01 3.628476e+03
7.206042e-04 8.899375e-04 8.766349e-01 7.502025e+03
1.114260e-06 7.519560e-04 6.124798e-01 2.007961e+01
3.030302e-04 7.628695e-04 2.591430e-01 3.094689e+04
1.476091e-04 4.700095e-04 3.031686e-01 6.785957e+03
9.324626e-05 2.115537e-04 5.375933e-01 6.136264e+02
1.870740e-04 4.243360e-05 9.624574e-01 7.704064e+01
3.462152e-04 3.225070e-04 1.926506e-01 2.704606e+04
3.973707e-04 3.807555e-05 5.147994e-01 5.132461e+02
5.392779e-04 6.941616e-04 3.503502e-01 2.741752e+04
4.197753e-04 6.706797e-04 7.720281e-01 4.246445e+03
6.855343e-04 4.310413e-04 8.048378e-01 4.101012e+03
2.052478e-04 7.680212e-04 4.303143e-01 7.653143e+03
8.782393e-04 5.364725e-04 2.120813e-01 9.417061e+04
2.836021e-05 4.082007e-05 7.641857e-02 1.782153e+03
6.707970e-04 1.356583e-04 2.066618e-01 1.915477e+04
4.178875e-04 1.942230e-04 2.796768e-01 9.328390e+03
5.591311e-04 3.363281e-04 6.028010e-01 4.652524e+03
1.412466e-04 5.326063e-05 8.743527e-01 8.846482e+01
1.989034e-04 6.055117e-04 1.369486e-01 5.773099e+04
8.009438e-04 5.125490e-04 9.586069e-01 4.016207e+03
9.682933e-04 6.178436e-04 6.863391e-01 1.141741e+04
3.141108e-04 4.329232e-04 7.445446e-01 2.205322e+03
6.926303e-04 8.478528e-04 9.830520e-01 5.462968e+03
8.765128e-04 4.546050e-04 4.219398e-01 2.012108e+04
8.947121e-04 1.638812e-05 5.362676e-01 4.583623e+02
8.595917e-05 8.731951e-04 6.824208e-01 1.448967e+03
4.001573e-05 6.565453e-04 5.177464e-01 8.810914e+02
1.706606e-04 8.231800e-04 3.061212e-01 1.347724e+04
8.782644e-04 9.518239e-04 1.143308e-01 5.749299e+05
9.924849e-05 5.186147e-05 2.920828e-01 5.423959e+02
4.216865e-04 2.358368e-04 7.711643e-01 1.503374e+03
9.579316e-04 6.428010e-05 6.443749e-01 1.333195e+03
5.336321e-04 4.222362e-04 8.033174e-01 3.138938e+03
6.921852e-04 8.639653e-04 5.219493e-01 1.973430e+04
3.162001e-04 8.254236e-05 2.397790e-01 4.081090e+03
6.868144e-04 4.736388e-04 6.316823e-01 7.329072e+03
8.347910e-04 1.264176e-04 3.109654e-01 9.811167e+03
1.926999e-05 7.731127e-04 3.923346e-02 8.701033e+04
7.503942e-04 8.415807e-04 9.042979e-01 6.942596e+03
9.888722e-04 4.424765e-05 4.261659e-01 2.165872e+03
7.484175e-04 4.869543e-04 4.318695e-01 1.756656e+04
2.811635e-04 2.401716e-04 7.438392e-01 1.097191e+03
7.894900e-04 9.525213e-04 9.489738e-01 7.507107e+03
1.041228e-04 9.439487e-04 8.179037e-02 1.320838e+05
4.484456e-04 6.143201e-04 1.809741e-01 7.561909e+04
9.086869e-04 9.735139e-04 3.291339e-01 7.341264e+04
2.943205e-04 3.455165e-04 2.559400e-01 1.395638e+04
2.884876e-04 8.979529e-04 5.005400e-01 9.295285e+03
1.308985e-04 4.351604e-04 8.262150e-01 7.501665e+02
2.034759e-05 2.365788e-04 8.554327e-01 5.913939e+01
6.791567e-04 9.408871e-04 5.998716e-01 1.596432e+04
2.124165e-04 6.845338e-04 2.477720e-01 2.129308e+04
2.662811e-04 6.584667e-05 1.946278e-01 4.161255e+03
4.920816e-04 8.705544e-04 7.459566e-01 6.920948e+03
5.430918e-05 7.016789e-04 2.448419e-01 5.714784e+03
5.745435e-04 6.053219e-04 5.440960e-01 1.056131e+04
1.475818e-04 7.326425e-04 7.517880e-01 1.719864e+03
5.897162e-04 2.541856e-04 2.359666e-01 2.420208e+04
7.000586e-04 6.008885e-04 1.827562e-01 1.132254e+05
1.032321e-04 8.148046e-04 4.933833e-02 3.106412e+05
4.146419e-04 5.505955e-05 1.560931e-01 8.423602e+03
6.947058e-04 1.313802e-04 8.529245e-01 1.127896e+03
4.147651e-04 8.426034e-04 1.135896e-01 2.435052e+05
5.090351e-05 6.187275e-04 2.314086e-01 5.287469e+03
5.363605e-04 5.317565e-04 4.242963e-02 1.424265e+06
6.641309e-04 2.490424e-04 6.795931e-01 3.219503e+03
5.153742e-04 2.957835e-04 2.393861e-01 2.391434e+04
9.446502e-04 8.728135e-04 4.194558e-01 4.212886e+04
5.869685e-04 4.222443e-04 1.479082e-01 1.018483e+05
9.034985e-04 6.536583e-05 3.834451e-01 3.611033e+03
1.383372e-04 8.970881e-04 4.301931e-01 6.028468e+03
1.401371e-04 2.041775e-04 4.782353e-01 1.124701e+03
8.075839e-04 8.264013e-04 4.286134e-01 3.265930e+04
3.982792e-04 8.818889e-04 1.117290e-01 2.529469e+05
1.661888e-04 4.872640e-04 7.748545e-01 1.212511e+03
9.275811e-04 5.988662e-04 1.458339e-01 2.348141e+05
3.484181e-04 5.277402e-04 4.300495e-01 8.938070e+03
7.510613e-04 6.251965e-04 2.792366e-01 5.413860e+04
7.262720e-04 8.551867e-04 3.079979e-01 5.886058e+04
8.834228e-04 2.828573e-04 6.756966e-01 4.920308e+03
6.240485e-04 8.838718e-04 5.226089e-01 1.815573e+04
7.511915e-04 5.681226e-04 1.981862e-01 9.768001e+04
3.495494e-04 1.159879e-04 4.744431e-01 1.619246e+03
2.706580e-04 2.277742e-04 3.461455e-01 4.625596e+03
8.959903e-04 5.963864e-04 7.074522e-01 9.598348e+03
4.286631e-04 2.402068e-04 2.338343e-01 1.692953e+04
9.648752e-04 1.322842e-04 8.465383e-01 1.601201e+03
6.637781e-04 1.626859e-04 5.309674e-01 3.443473e+03
6.220740e-04 8.450276e-04 5.056134e-01 1.848569e+04
1.156312e-04 6.025815e-04 2.611489e-01 9.184892e+03
9.495398e-04 9.636035e-04 1.942941e-01 2.178973e+05
4.504622e-04 3.463335e-04 4.771009e-01 6.161581e+03
5.788112e-04 5.960295e-04 9.820062e-01 3.216147e+03
4.087287e-04 5.993863e-04 1.415772e-01 1.098791e+05
2.377900e-04 6.160886e-04 2.906278e-01 1.559273e+04
9.034761e-04 6.011803e-05 8.026348e-01 7.579581e+02
5.741058e-04 7.505669e-04 6.681291e-01 8.678011e+03
3.867457e-06 9.482613e-04 2.859708e-01 4.031528e+02
6.175278e-04 5.351444e-04 3.215011e-01 2.874234e+04
3.273183e-04 1.933635e-04 4.257488e-01 3.139045e+03
5.275310e-04 7.531730e-04 6.067589e-01 9.702198e+03
8.860562e-04 8.311650e-06 7.221454e-01 1.269577e+02
3.579125e-04 3.289278e-04 8.587273e-01 1.435247e+03
9.086266e-04 9.176887e-04 6.843004e-01 1.600837e+04
6.237368e-04 5.887790e-04 2.446122e-01 5.517685e+04
1.680542e-05 8.553351e-04 9.264633e-01 1.505528e+02
9.295078e-04 6.050674e-04 7.833834e-01 8.238871e+03
6.912060e-04 8.227556e-04 3.143077e-01 5.175211e+04
9.973255e-04 8.796040e-04 3.119160e-01 8.106037e+04
1.731682e-04 3.216654e-04 8.823566e-01 6.431967e+02
1.379986e-04 1.238318e-04 1.348177e-01 8.452260e+03
9.326629e-04 7.215820e-04 6.371262e-01 1.490456e+04
6.971213e-04 4.409067e-04 2.849356e-01 3.403466e+04
6.693417e-05 1.276090e-04 8.289283e-01 1.117519e+02
7.557076e-04 5.902338e-04 3.708782e-01 2.915244e+04
7.541223e-04 3.703225e-05 7.360324e-01 4.634337e+02
9.231015e-04 2.009819e-04 2.004937e-01 4.149203e+04
7.118132e-04 7.885129e-04 4.866314e-01 2.130758e+04
1.251467e-04 1.308466e-05 8.055587e-01 2.268544e+01
2.086025e-05 3.040423e-04 4.030183e-01 3.510458e+02
2.718478e-05 2.235459e-05 1.699583e-01 1.891330e+02
2.927818e-05 9.974875e-04 6.524924e-01 6.166807e+02
2.469649e-04 5.824479e-04 7.557925e-01 2.263845e+03
8.601679e-04 2.940829e-04 2.873907e-01 2.753387e+04
5.392922e-04 9.290205e-04 4.568482e-01 2.158069e+04
5.532692e-04 5.076123e-04 9.014444e-01 3.107065e+03
8.421889e-04 4.552375e-04 8.732658e-01 4.519750e+03
1.250491e-04 5.882836e-04 7.101157e-01 1.311502e+03
2.799045e-04 2.648735e-04 5.949916e-01 1.882723e+03
5.861735e-04 3.059830e-04 8.192084e-01 2.402671e+03
9.696262e-04 3.722829e-04 9.085682e-01 3.931172e+03
5.614692e-04 2.452036e-04 1.248248e-02 7.943471e+06
1.962864e-05 5.849627e-04 4.032555e-01 6.347717e+02
8.008320e-04 6.961503e-04 5.657956e-01 1.565615e+04
2.337413e-04 7.287527e-05 7.365839e-01 2.822480e+02
8.072981e-04 9.711122e-04 9.659803e-02 7.553121e+05
3.884728e-04 7.533176e-04 4.057574e-01 1.597958e+04
8.636783e-04 8.063570e-04 2.868250e-01 7.610359e+04
7.473745e-04 7.518888e-04 4.292750e-01 2.741451e+04
5.566840e-04 8.098092e-05 5.029988e-01 1.601833e+03
1.373188e-04 4.822146e-04 6.634151e-01 1.352569e+03
6.085777e-05 4.462273e-04 5.012738e-01 9.715874e+02
1.222221e-04 6.728002e-04 6.242635e-01 1.896967e+03
4.550733e-05 4.492885e-04 5.866155e-01 5.341452e+02
1.083866e-04 7.046091e-04 4.340491e-01 3.644232e+03
2.264836e-04 6.819637e-04 1.492660e-02 6.232121e+06
7.132760e-04 6.974514e-04 2.025712e-01 1.089872e+05
5.601573e-04 6.189821e-04 3.270046e-01 2.915010e+04
1.354342e-05 1.518298e-04 1.555083e-01 7.644299e+02
7.290231e-05 7.610417e-04 6.026772e-01 1.373219e+03
9.673091e-04 7.812648e-04 6.153845e-01 1.794032e+04
5.685324e-04 9.041989e-04 5.050923e-01 1.811496e+04
2.040899e-04 2.345349e-04 3.276404e-01 4.008611e+03
2.530734e-04 1.775022e-04 6.567255e-01 9.363588e+02
7.440820e-04 3.917080e-04 1.983806e-01 6.658009e+04
1.962341e-04 3.212441e-04 1.582217e-02 2.263795e+06
5.817776e-04 8.156615e-04 7.375926e-01 7.841398e+03
9.700500e-04 6.139124e-04 4.490688e-01 2.654816e+04
8.469820e-04 7.602418e-04 7.008632e-01 1.178471e+04
2.406079e-04 4.282374e-04 1.931929e-01 2.481829e+04
4.942759e-04 1.003411e-04 7.199360e-02 8.602413e+04
6.203358e-04 1.159200e-04 3.843275e-01 4.376651e+03
8.291519e-04 3.740337e-04 6.990365e-01 5.705646e+03
1.576346e-04 1.946539e-04 1.117902e-01 2.207329e+04
1.955763e-05 8.209258e-04 2.038759e-01 3.472546e+03
7.095212e-05 6.000364e-04 4.594131e-01 1.813409e+03
4.868588e-04 6.891564e-04 6.249377e-01 7.723374e+03
6.067231e-04 4.916189e-04 7.526230e-01 4.733951e+03
5.692826e-04 8.908551e-05 1.186377e-01 3.239287e+04
3.180450e-04 2.358426e-04 6.283774e-01 1.707770e+03
9.886275e-04 4.621405e-04 3.934869e-01 2.652808e+04
5.801655e-04 1.993929e-04 6.733895e-01 2.293447e+03
3.807610e-04 2.645076e-05 2.115248e-01 2.023615e+03
5.513973e-04 7.296683e-04 5.326396e-01 1.274920e+04
7.455891e-04 7.251918e-04 1.804409e-01 1.492939e+05
6.695637e-04 3.310614e-04 2.849420e-02 2.454411e+06
2.656546e-04 8.436506e-04 4.920807e-01 8.320837e+03
6.726850e-05 4.290140e-04 1.923360e-01 7.013290e+03
3.707141e-04 8.648215e-04 6.419599e-01 6.993740e+03
6.300878e-04 6.574084e-04 5.412091e-01 1.271352e+04
2.109638e-04 5.814546e-04 7.771959e-01 1.825671e+03
7.530028e-04 2.015268e-04 3.990303e-01 8.567956e+03
6.746994e-05 5.300171e-04 9.895576e-01 3.283052e+02
2.610548e-04 8.945380e-04 5.200625e-01 7.762095e+03
8.049498e-04 3.056890e-04 4.840352e-01 9.441792e+03
1.942408e-04 8.710747e-04 7.519480e-01 2.690172e+03
6.398214e-04 9.088365e-04 5.769614e-01 1.570402e+04
5.251456e-04 3.305147e-04 3.688407e-01 1.146972e+04
9.248832e-04 6.833913e-04 4.943523e-01 2.325106e+04
2.640335e-04 8.993217e-04 1.972470e-01 5.486722e+04
6.689513e-05 7.662118e-05 3.996476e-01 2.885019e+02
7.353309e-04 8.787093e-04 3.966213e-02 3.692628e+06
7.724059e-04 1.916485e-04 4.679038e-01 6.078517e+03
9.079080e-04 8.499191e-04 2.817294e-01 8.740070e+04
9.320401e-04 6.674517e-04 5.314487e-01 1.980120e+04
1.493762e-05 3.449949e-04 3.897940e-02 3.049183e+04
2.351277e-04 1.522242e-04 5.595359e-01 1.027759e+03
6.171616e-04 6.357356e-04 3.000679e-01 3.917383e+04
9.490673e-04 8.479403e-04 5.817158e-01 2.137963e+04
9.502259e-04 8.220275e-04 7.354422e-01 1.298303e+04
5.570965e-04 6.286114e-04 4.459344e-01 1.583180e+04
9.156907e-04 9.563452e-04 6.665253e-01 1.772107e+04
6.419246e-04 5.903332e-04 2.465209e-01 5.605749e+04
3.906177e-04 1.986350e-04 9.986131e-01 6.994759e+02
4.865047e-04 4.299014e-04 2.504497e-01 2.997605e+04
6.047062e-04 3.374093e-04 9.414201e-01 2.069637e+03
5.499984e-04 9.919531e-04 2.250476e-01 9.684197e+04
9.262552e-04 3.808563e-04 5.025887e-01 1.255527e+04
9.188147e-04 9.927082e-04 8.229652e-01 1.210727e+04
3.954807e-04 5.192854e-04 7.194222e-01 3.567168e+03
9.632993e-04 1.731074e-04 7.085246e-01 2.986254e+03
1.747817e-04 7.549950e-05 4.460362e-01 5.962929e+02
1.272032e-04 3.709354e-04 7.566333e-01 7.409435e+02
1.359441e-04 1.242954e-04 9.207540e-01 1.791793e+02
5.061565e-04 6.348842e-04 4.469382e-01 1.446252e+04
2.250328e-05 4.145059e-04 5.326858e-01 2.955248e+02
9.480222e-04 9.909247e-04 7.537523e-02 1.486489e+06
8.272884e-04 9.300257e-04 3.968653e-01 4.391624e+04
1.600396e-05 1.500868e-04 4.725662e-01 9.669509e+01
1.770201e-04 3.954874e-04 8.961863e-01 7.836428e+02
3.327315e-04 4.621181e-04 1.194519e-01 9.687702e+04
1.318658e-04 5.613878e-04 7.338262e-01 1.235858e+03
8.096812e-04 7.805832e-04 5.500165e-01 1.878199e+04
3.453919e-04 4.877067e-04 6.104701e-01 4.063515e+03
9.401674e-04 4.205736e-04 3.948511e-02 2.280027e+06
5.824322e-04 2.627377e-04 1.552799e-01 5.705542e+04
8.789532e-04 9.108953e-04 2.911434e-01 8.491414e+04
8.448897e-04 2.324924e-05 1.482333e-02 8.036687e+05
9.054869e-04 8.213008e-04 6.724662e-01 1.478438e+04
4.604204e-04 1.892799e-04 8.715554e-01 1.031404e+03
5.468005e-04 6.860711e-04 5.514986e-01 1.108840e+04
7.988050e-04 3.558542e-04 5.477324e-01 8.517961e+03
2.864331e-04 9.742384e-04 6.195687e-01 6.535357e+03
4.907633e-04 1.236494e-04 3.091597e-01 5.707657e+03
5.995112e-04 1.883823e-04 3.730647e-01 7.295061e+03
1.651774e-05 8.895530e-04 5.791903e-01 3.937673e+02
5.938879e-04 5.838229e-04 8.111244e-01 4.737731e+03
4.342427e-04 3.099371e-04 2.095807e-01 2.754631e+04
8.075532e-04 1.763621e-06 3.342488e-01 1.146031e+02
3.159296e-04 2.283701e-04 7.454920e-01 1.167087e+03
8.929958e-04 1.462582e-04 3.475110e-01 9.722819e+03
5.782794e-04 2.042304e-04 5.713482e-02 3.252490e+05
1.848262e-04 8.964262e-04 1.647934e-01 5.484769e+04
7.881413e-04 8.732213e-04 2.019262e-01 1.517409e+05
6.124191e-04 7.005891e-04 5.001612e-01 1.541884e+04
5.485536e-05 4.710272e-04 6.387737e-01 5.692862e+02
4.207735e-04 8.273089e-04 8.814178e-01 4.028210e+03
6.793898e-04 4.963306e-04 9.035112e-01 3.713493e+03
9.186832e-04 3.641252e-04 3.140892e-01 3.048388e+04
1.401623e-06 2.763275e-04 7.558463e-01 6.094639e+00
9.767824e-04 9.248161e-04 2.896038e-01 9.682879e+04
3.772037e-04 3.876022e-04 3.748911e-01 9.352155e+03
9.738098e-04 4.933880e-04 2.997993e-01 4.805750e+04
6.051114e-04 2.551837e-04 4.195538e-01 7.886286e+03
8.290170e-04 8.850816e-04 2.225685e-01 1.331616e+05
5.751368e-04 3.838802e-04 3.257961e-01 1.869970e+04
6.284481e-04 2.982771e-04 1.307006e-01 9.864926e+04
2.862907e-04 7.178774e-04 9.633881e-01 1.990741e+03
5.872465e-04 1.916791e-04 5.089432e-01 3.906756e+03
7.502717e-04 1.190744e-04 9.238697e-01 9.409692e+02
8.584555e-04 8.371608e-04 7.486985e-01 1.152583e+04
7.553271e-04 7.443918e-04 4.631282e-01 2.356643e+04
6.983592e-04 5.909300e-04 7.570760e-01 6.472851e+03
8.646150e-04 2.436487e-04 6.317428e-01 4.745324e+03
3.233583e-04 6.236239e-04 3.107208e-01 1.877698e+04
6.711180e-04 6.387170e-04 5.264427e-01 1.390480e+04
4.514231e-04 3.282419e-04 7.151891e-01 2.604328e+03
3.827206e-04 6.842185e-05 3.122604e-01 2.414363e+03
4.114005e-04 8.806581e-04 2.239761e-02 6.492748e+06
4.020781e-04 4.604968e-04 2.755802e-01 2.191799e+04
3.180666e-04 7.641088e-04 7.987780e-01 3.424370e+03
6.222974e-04 2.546347e-04 9.306932e-01 1.644608e+03
4.308170e-04 5.917958e-04 6.290778e-01 5.791828e+03
9.738283e-04 4.293664e-04 1.414794e-01 1.877948e+05
6.781231e-04 3.827185e-04 7.599947e-01 4.039491e+03
1.993713e-04 1.275867e-04 5.316363e-01 8.090930e+02
4.272743e-04 2.450224e-04 7.563304e-01 1.645315e+03
3.440029e-04 8.026224e-05 8.600256e-01 3.355910e+02
7.978412e-04 3.035554e-04 9.480661e-01 2.422350e+03
8.801183e-04 7.419631e-04 6.579922e-01 1.355944e+04
9.039381e-04 6.154007e-04 8.557156e-01 6.829634e+03
6.630571e-04 6.727387e-04 7.451622e-01 7.221966e+03
2.709381e-04 9.374696e-06 7.298302e-01 4.286899e+01
2.531143e-04 6.786986e-04 8.602028e-01 2.087140e+03
8.550430e-04 5.036775e-04 9.237730e-01 4.537010e+03
5.281869e-04 2.316775e-04 9.030552e-01 1.348971e+03
8.023589e-04 1.757216e-04 4.017928e-01 7.851441e+03
5.729160e-04 1.857980e-04 9.318107e-02 1.102139e+05
7.334094e-04 8.444157e-04 8.312780e-01 8.056936e+03
5.194926e-04 9.826072e-04 5.435422e-01 1.553290e+04
7.711130e-04 9.138259e-04 5.466554e-01 2.119893e+04
5.692891e-04 3.480221e-04 8.269236e-01 2.604765e+03
4.662442e-04 7.804444e-04 4.166434e-02 1.884456e+06
3.433462e-04 5.469081e-04 8.791808e-01 2.183986e+03
6.914114e-05 8.166260e-04 4.428766e-02 2.587938e+05
3.785463e-04 4.842432e-04 6.962626e-01 3.399351e+03
8.054645e-05 5.903613e-04 5.916096e-01 1.221388e+03
9.828343e-04 7.874762e-04 6.453317e-01 1.670750e+04
1.824312e-04 1.011344e-04 3.803394e-01 1.146609e+03
8.120468e-04 5.374701e-04 2.827074e-01 4.909313e+04
8.750867e-04 3.666174e-04 5.143145e-01 1.090351e+04
6.887248e-04 6.047025e-04 8.869649e-01 4.759205e+03
5.699249e-04 9.588437e-04 5.696368e-01 1.514011e+04
1.618105e-04 3.934301e-04 6.665174e-01 1.288282e+03
4.674131e-04 3.935800e-04 4.469654e-01 8.278388e+03
3.458269e-04 7.908464e-04 9.724177e-01 2.600189e+03
2.258149e-04 6.454333e-04 7.450972e-01 2.360140e+03
5.929194e-04 3.944901e-04 3.613535e-01 1.610375e+04
3.129576e-04 6.892661e-04 6.569957e-01 4.492695e+03
9.163892e-04 4.045976e-04 5.471902e-01 1.113234e+04
9.097259e-04 1.369770e-04 8.852157e-01 1.429618e+03
2.578612e-04 4.511926e-04 2.823035e-01 1.312427e+04
1.117804e-04 3.350850e-04 1.169868e-01 2.460405e+04
1.937698e-04 2.187510e-04 1.993593e-01 9.587879e+03
5.000846e-04 9.258490e-04 3.931758e-01 2.692588e+04
7.288571e-04 6.899498e-04 8.555192e-01 6.176750e+03
2.089862e-04 5.992221e-04 2.781365e-01 1.455289e+04
2.487855e-04 7.469108e-04 6.300952e-01 4.207665e+03
8.518202e-04 5.424291e-04 6.273163e-01 1.055547e+04
4.164329e-04 7.008325e-04 4.139667e-01 1.531046e+04
6.170684e-04 9.306293e-04 5.983178e-02 1.442135e+06
2.344325e-04 8.627541e-04 7.473855e-01 3.255181e+03
1.028653e-04 1.682744e-04 3.027683e-01 1.697563e+03
5.163412e-04 2.638759e-04 4.044736e-01 7.487136e+03
4.776638e-04 7.253867e-05 3.834672e-01 2.118338e+03
1.535190e-04 9.786941e-04 6.669666e-01 3.036411e+03
6.221844e-04 2.371477e-04 9.546995e-02 1.455340e+05
5.444661e-04 6.609378e-04 5.543910e-01 1.052589e+04
6.544832e-04 9.054107e-05 2.526760e-02 8.344027e+05
1.454010e-04 2.115602e-04 9.832086e-01 2.860682e+02
7.517763e-04 5.033216e-04 6.024430e-01 9.372641e+03
2.228271e-04 1.058487e-04 3.902731e-01 1.392118e+03
5.198325e-04 3.894845e-04 1.552805e-01 7.548832e+04
7.855107e-04 5.384497e-04 6.999095e-01 7.761991e+03
2.330810e-05 3.398650e-04 9.067503e-01 8.661587e+01
3.250381e-04 5.563443e-04 3.249277e-01 1.539800e+04
8.730495e-04 5.372316e-04 7.688272e-01 7.133498e+03
8.448649e-04 3.912199e-04 2.946231e-01 3.423215e+04
5.389022e-04 6.965738e-04 9.576531e-01 3.679767e+03
8.667417e-04 6.788040e-04 7.052926e-01 1.063298e+04
9.498562e-04 6.876158e-04 6.287654e-01 1.485204e+04
8.265806e-04 5.619298e-04 9.314274e-01 4.813145e+03
8.542613e-04 3.587218e-04 2.763520e-01 3.607307e+04
9.964466e-05 6.134992e-04 9.243796e-01 6.431719e+02
6.516530e-04 9.358005e-04 6.813021e-01 1.181082e+04
7.038135e-04 5.972916e-04 7.736489e-01 6.314165e+03
6.106306e-04 9.796106e-04 5.759190e-01 1.621321e+04
7.998156e-04 4.415656e-04 8.355656e-01 4.547615e+03
3.553665e-05 7.398724e-04 7.012990e-01 4.806031e+02
7.704685e-04 3.856627e-05 1.551426e-01 1.109839e+04
7.319969e-04 7.649619e-04 6.163365e-01 1.325174e+04
2.604387e-04 5.187633e-04 2.865271e-01 1.479459e+04
2.578122e-04 6.311216e-06 9.167199e-01 1.740616e+01
6.326710e-04 2.779229e-04 2.062500e-01 3.715987e+04
3.459522e-04 5.352974e-04 2.928593e-01 1.941122e+04
7.967921e-04 7.681949e-04 5.717816e-02 1.683123e+06
4.467001e-04 5.403950e-05 4.531034e-01 1.057043e+03
7.829667e-04 5.495044e-04 5.620119e-01 1.224568e+04
9.904813e-04 8.011936e-04 5.778255e-01 2.136732e+04
3.009481e-04 6.499335e-04 9.063236e-01 2.140689e+03
1.438628e-04 9.315156e-04 3.539398e-01 9.617000e+03
9.014071e-04 7.565671e-05 4.530531e-01 2.986964e+03
5.420178e-04 2.775297e-04 8.527253e-01 1.859792e+03
9.747656e-04 9.193183e-04 5.810610e-01 2.386065e+04
6.369678e-04 7.652401e-04 6.574530e-01 1.013784e+04
9.939191e-04 6.001406e-04 2.855757e-01 6.575384e+04
5.465247e-04 8.331352e-04 4.925966e-01 1.686950e+04
5.268995e-04 8.961474e-04 6.247429e-01 1.087588e+04
1.362925e-04 9.727476e-04 1.420601e-01 5.905920e+04
3.563495e-04 9.985220e-04 4.257963e-02 1.764370e+06
2.719235e-05 1.405097e-04 1.222769e-01 2.297333e+03
1.612348e-04 7.147150e-05 4.826865e-01 4.446529e+02
7.458916e-04 7.439319e-05 3.378647e-02 4.370016e+05
3.136929e-05 1.572905e-05 6.299468e-01 1.117787e+01
3.671766e-04 9.718483e-04 1.066068e-01 2.822691e+05
8.624839e-04 9.567215e-05 2.584519e-01 1.110546e+04
6.929850e-04 8.418951e-04 4.322280e-01 2.807474e+04
6.912512e-04 6.854878e-04 1.246685e-01 2.740829e+05
1.894482e-04 4.880696e-04 2.778465e-01 1.076768e+04
4.424624e-04 3.473482e-04 3.086888e-02 1.449971e+06
5.819958e-04 3.542941e-04 9.851951e-01 1.909849e+03
9.897620e-04 2.545850e-04 6.154579e-01 5.980351e+03
2.047023e-04 9.111070e-04 3.845703e-01 1.133706e+04
2.484852e-04 7.259169e-04 3.626307e-02 1.233156e+06
2.629109e-04 2.689987e-05 3.959404e-01 4.055635e+02
7.504222e-04 4.620597e-04 4.580330e-01 1.485833e+04
4.575184e-04 2.820200e-04 9.316932e-01 1.336295e+03
5.787251e-05 2.993722e-05 2.857191e-01 1.907941e+02
5.090077e-04 8.847972e-04 6.186341e-01 1.057938e+04
2.127482e-04 7.712344e-04 6.685167e-01 3.300559e+03
7.988056e-04 3.304053e-04 1.941014e-01 6.297827e+04
2.980341e-04 7.967620e-04 5.107057e-01 8.184889e+03
2.857841e-05 3.253137e-04 7.886358e-01 1.343839e+02
5.938390e-04 3.085746e-04 1.056132e-01 1.476902e+05
8.439966e-04 9.281810e-04 6.099749e-01 1.892819e+04
3.816351e-04 9.769392e-04 3.579933e-02 2.615325e+06
7.501085e-04 5.240317e-04 1.697626e-02 1.226189e+07
5.116303e-04 9.519832e-04 6.893332e-02 9.214820e+05
5.414109e-04 8.881085e-04 4.865865e-01 1.825714e+04
9.594749e-04 5.185145e-04 9.264471e-01 5.210903e+03
8.041569e-04 3.733761e-04 4.115018e-01 1.594056e+04
3.329074e-05 7.106442e-04 8.428231e-02 2.994074e+04
7.096779e-04 4.561878e-04 8.627389e-01 3.910261e+03
4.655365e-04 6.056077e-04 5.241046e-01 9.227176e+03
9.476014e-04 9.904158e-04 3.257465e-01 7.951396e+04
2.222113e-04 7.741423e-04 9.634020e-01 1.666217e+03
2.678049e-04 3.349421e-04 9.388792e-01 9.148053e+02
8.239249e-05 8.990922e-05 2.674188e-01 9.312531e+02
4.291902e-04 1.857207e-04 2.093779e-01 1.634587e+04
1.099097e-04 5.273250e-04 5.930196e-01 1.481618e+03
6.341530e-04 4.176853e-04 8.440930e-01 3.342122e+03
8.031603e-04 8.008590e-04 3.433539e-01 4.904944e+04
6.971037e-04 9.332691e-04 5.905651e-01 1.676982e+04
7.664452e-04 1.786869e-04 1.706225e-01 4.229223e+04
3.431117e-04 8.602067e-04 2.026478e-01 6.461215e+04
8.460056e-04 9.574375e-04 7.637219e-01 1.248455e+04
4.293400e-04 9.595111e-04 1.585975e-01 1.472375e+05
8.241859e-04 3.882473e-05 2.732480e-01 3.852826e+03
6.268697e-04 5.852592e-05 6.925999e-01 6.875754e+02
1.442796e-04 6.791596e-06 2.493841e-02 1.416442e+04
7.930851e-05 3.133685e-04 4.187246e-02 1.274318e+05
1.931431e-05 5.664271e-05 2.946507e-01 1.132839e+02
6.765827e-05 2.945686e-04 3.432569e-01 1.520647e+03
4.591252e-04 3.566605e-04 3.685939e-01 1.083551e+04
1.142286e-04 9.537233e-04 8.091187e-01 1.496003e+03
2.875557e-05 4.774740e-04 4.562116e-02 5.930601e+04
7.551066e-04 2.789602e-04 3.648113e-01 1.422898e+04
3.954556e-04 5.035022e-04 6.418954e-01 4.344406e+03
7.471916e-04 6.437146e-04 1.515741e-01 1.882067e+05
4.529524e-04 1.121344e-04 8.591612e-01 6.185886e+02
4.506367e-04 7.583036e-04 6.491088e-01 7.291122e+03
4.785944e-04 8.520938e-04 1.241405e-01 2.378964e+05
4.745299e-04 8.444056e-04 2.160164e-01 7.719707e+04
8.033602e-04 8.906163e-04 7.480433e-01 1.149495e+04
4.029901e-04 3.824606e-04 4.093726e-01 8.268054e+03
9.047815e-04 4.443614e-04 4.896254e-01 1.507689e+04
3.802399e-05 1.024799e-04 8.885805e-01 4.436724e+01
7.741005e-04 2.265811e-04 1.460691e-01 7.390332e+04
1.265157e-04 9.713491e-04 9.647291e-01 1.187050e+03
6.188951e-04 2.853393e-04 5.220338e-02 5.825605e+05
1.135390e-05 9.074887e-04 1.084459e-01 7.876259e+03
5.390887e-04 8.906617e-04 2.310060e-01 8.088835e+04
4.014939e-06 9.225820e-04 8.085192e-01 5.094046e+01
9.512426e-04 1.569934e-04 4.613141e-01 6.308687e+03
9.054966e-04 8.798424e-04 6.567186e-01 1.660706e+04
7.961710e-04 6.323630e-04 1.825779e-01 1.357800e+05
9.153590e-04 2.114176e-04 1.750547e-01 5.677336e+04
1.464127e-04 3.457708e-04 5.256399e-01 1.647214e+03
1.585723e-04 1.607589e-04 7.428907e-01 4.152525e+02
1.884440e-04 4.449038e-04 4.678497e-01 3.443463e+03
6.228734e-04 8.469118e-05 8.709179e-01 6.252349e+02
9.059037e-04 1.661532e-04 6.638078e-01 3.070900e+03
9.899652e-04 1.979992e-04 2.565992e-01 2.676285e+04
7.114113e-04 6.913363e-04 2.425532e-01 7.515465e+04
7.320686e-04 5.742291e-04 3.803062e-01 2.612942e+04
9.093839e-04 8.734498e-04 7.590499e-01 1.239379e+04
4.014729e-04 2.453894e-04 9.385583e-01 1.005424e+03
2.506008e-04 6.299783e-04 8.632869e-01 1.904397e+03
1.742567e-04 3.539683e-05 2.689947e-01 7.663485e+02
1.203376e-04 5.166823e-04 4.181561e-01 3.196742e+03
8.127980e-04 8.633633e-04 6.154287e-01 1.665637e+04
1.476456e-04 9.841424e-04 5.513661e-01 4.296927e+03
2.650332e-04 1.086310e-05 3.953822e-01 1.655692e+02
8.192701e-04 2.535886e-04 1.104066e-01 1.532240e+05
3.112767e-04 2.246258e-04 7.151224e-01 1.229151e+03
9.824350e-04 4.849006e-05 9.725381e-02 4.527964e+04
2.673721e-04 1.116228e-05 8.674167e-01 3.565934e+01
5.341197e-04 4.907051e-04 8.648140e-01 3.150457e+03
3.151525e-04 4.643666e-05 7.113663e-01 2.599890e+02
9.108621e-04 2.790498e-04 4.915603e-01 9.456717e+03
3.671901e-04 6.403346e-04 7.021551e-01 4.287375e+03
4.341587e-04 2.953973e-04 4.010372e-01 7.168785e+03
5.127804e-04 2.703850e-04 7.995210e-01 1.949907e+03
9.389476e-04 5.909560e-04 7.885529e-01 8.022219e+03
3.191806e-05 3.811535e-04 1.639733e-01 4.067709e+03
7.171618e-04 7.028205e-04 3.246394e-01 4.299509e+04
8.911279e-04 4.966278e-04 3.505433e-01 3.237780e+04
2.825994e-05 6.335761e-04 3.705286e-01 1.172428e+03
5.225292e-04 3.540410e-04 5.709791e-01 5.101329e+03
3.266638e-04 2.877569e-04 5.127057e-02 3.214772e+05
8.596298e-04 1.340739e-04 6.633700e-01 2.354527e+03
5.589580e-04 9.371433e-04 2.096154e-01 1.071762e+05
6.905376e-04 8.050310e-04 4.222979e-01 2.802346e+04
4.534006e-04 9.380905e-04 4.563837e-01 1.835804e+04
6.286807e-04 1.861951e-04 3.552395e-01 8.339033e+03
2.908068e-04 9.332226e-04 3.894475e-01 1.608613e+04
1.033923e-05 9.358175e-04 1.885030e-01 2.447950e+03
5.771792e-04 2.842610e-04 7.744876e-02 2.459001e+05
3.121328e-04 2.753596e-04 5.557441e-01 2.501783e+03
5.177503e-04 5.518801e-04 5.999083e-01 7.137648e+03
9.164894e-04 1.861040e-04 1.540448e-01 6.461729e+04
4.270483e-04 4.426590e-04 2.386323e-01 2.984335e+04
2.481486e-04 1.861323e-04 2.935134e-01 4.819896e+03
3.719225e-04 9.474285e-04 8.324439e-01 4.571394e+03
9.319293e-04 4.943308e-04 1.618867e-01 1.580294e+05
9.369315e-04 9.639538e-04 5.566174e-01 2.620657e+04
8.444856e-04 6.452967e-04 5.724583e-01 1.494940e+04
9.202863e-04 4.848315e-04 3.499859e-01 3.274706e+04
2.286724e-04 9.677276e-04 3.571110e-01 1.559984e+04
8.839473e-05 1.440466e-04 9.595209e-01 1.243312e+02
2.280824e-04 6.326975e-04 5.578105e-01 4.169407e+03
3.150622e-04 6.622265e-04 6.562039e-01 4.355971e+03
1.755911e-04 4.344060e-04 4.958327e-01 2.789251e+03
6.074871e-04 6.029787e-05 6.501835e-01 7.789809e+02
4.141728e-04 4.932299e-04 6.091983e-01 4.948497e+03
8.165352e-04 4.656688e-04 1.537216e-01 1.446579e+05
1.859453e-04 8.069401e-04 3.413337e-01 1.157784e+04
7.021747e-04 2.574043e-04 4.658297e-01 7.488010e+03
2.411153e-04 3.920389e-04 1.365434e-01 4.557975e+04
5.746449e-04 2.409320e-04 3.694426e-01 9.119265e+03
3.496386e-04 6.867570e-04 2.358602e-01 3.880367e+04
5.790744e-05 9.898936e-04 8.490276e-01 7.148895e+02
2.295849e-04 1.782521e-04 3.480593e-01 3.036904e+03
6.644385e-04 8.216253e-04 2.345214e-01 8.923253e+04
4.977528e-04 2.317576e-04 4.140996e-01 6.047805e+03
5.194970e-04 5.891784e-05 6.862334e-01 5.843133e+02
1.755454e-04 1.396777e-04 7.496578e-02 3.922385e+04
5.711451e-04 9.352180e-04 1.889219e-01 1.345409e+05
9.967567e-04 8.886536e-04 6.973639e-01 1.637429e+04
8.170183e-04 2.899712e-04 7.547340e-01 3.739026e+03
5.947783e-04 9.478163e-04 6.215767e-01 1.311745e+04
9.760131e-04 8.500806e-04 8.804066e-01 9.622964e+03
9.016610e-04 4.352201e-04 1.771122e-01 1.124644e+05
5.960123e-04 4.685815e-04 7.065123e-01 5.029915e+03
3.339390e-05 6.302232e-04 9.180876e-01 2.244672e+02
9.448352e-05 1.588738e-04 1.592323e-01 5.322380e+03
6.630634e-05 1.576730e-05 2.513263e-01 1.487977e+02
4.522814e-04 2.662465e-04 5.512177e-01 3.562919e+03
3.760594e-04 1.642819e-05 3.506781e-01 4.516359e+02
9.753747e-04 6.748243e-04 6.937327e-01 1.229526e+04
1.688153e-04 5.519174e-04 6.699194e-02 1.866382e+05
9.728148e-04 3.223265e-04 1.691565e-01 9.851639e+04
7.677074e-04 7.804221e-04 7.190759e-01 1.041683e+04
8.244136e-04 1.466396e-04 9.709125e-01 1.152912e+03
6.329832e-04 2.456358e-04 9.302549e-01 1.615249e+03
6.690640e-04 2.930214e-04 9.020563e-01 2.166005e+03
4.774055e-04 1.967360e-04 1.364659e-01 4.534013e+04
1.412322e-05 8.885075e-05 1.544696e-01 4.727900e+02
3.536531e-04 8.701062e-04 8.154211e-02 4.160500e+05
4.925797e-04 8.910046e-05 5.471148e-01 1.318133e+03
7.303611e-04 6.840266e-04 8.836613e-01 5.751732e+03
4.691597e-04 1.212805e-04 5.364740e-01 1.777354e+03
4.579475e-04 1.168830e-05 7.838981e-01 7.830827e+01
1.385251e-04 5.577110e-04 1.965692e-01 1.797488e+04
1.187785e-05 9.072019e-04 8.644801e-01 1.296257e+02
7.585200e-04 8.605962e-04 1.955505e-01 1.534646e+05
3.206329e-04 3.391129e-04 6.421648e-02 2.370386e+05
9.843991e-04 2.813167e-05 4.272761e-01 1.363670e+03
2.210140e-04 8.010585e-04 5.595534e-01 5.083474e+03
3.393693e-04 8.061789e-04 9.710346e-01 2.608521e+03
5.243722e-04 8.686196e-04 1.008363e-01 4.027126e+05
7.551366e-04 6.699770e-04 2.811789e-01 5.752804e+04
4.643939e-04 8.079711e-04 1.140560e-01 2.593019e+05
1.256977e-04 8.976008e-04 3.965352e-01 6.450698e+03
3.131889e-04 4.543761e-04 2.961210e-01 1.458959e+04
5.050147e-04 5.582675e-04 5.181673e-01 9.439868e+03
6.741752e-04 5.066250e-04 3.547741e-01 2.439581e+04
7.703798e-04 6.922919e-04 9.289457e-01 5.556140e+03
1.312054e-04 6.832240e-04 7.920483e-01 1.284610e+03
2.389222e-05 5.207933e-04 8.624013e-01 1.504052e+02
5.195632e-04 8.286397e-04 1.382059e-01 2.026331e+05
8.101787e-04 5.062736e-04 5.793195e-01 1.098726e+04
1.359116e-05 8.250337e-04 2.226347e-01 2.033772e+03
6.727974e-04 2.825632e-04 8.695562e-01 2.260291e+03
6.871214e-04 1.793163e-04 2.486923e-02 1.790971e+06
4.497975e-04 9.699007e-04 1.146868e-01 2.981792e+05
9.148739e-04 7.421976e-04 3.822965e-01 4.176763e+04
6.447167e-04 2.605319e-04 4.080730e-01 9.068050e+03
6.234598e-06 5.816541e-04 2.844479e-01 4.029281e+02
4.849440e-04 9.553070e-04 1.051024e-01 3.770242e+05
8.594585e-04 8.167315e-05 1.275431e-01 3.879270e+04
8.305692e-04 8.445067e-05 3.247653e-01 5.978598e+03
6.495050e-04 6.195157e-04 9.512849e-01 3.997361e+03
6.740247e-04 2.252690e-04 2.153325e-01 2.943864e+04
5.789211e-04 7.654188e-04 7.498075e-01 7.085632e+03
2.748457e-04 5.685844e-04 2.656068e-01 1.991431e+04
5.609695e-04 6.665219e-04 4.686785e-02 1.530253e+06
6.720581e-04 1.087061e-04 2.589169e-02 9.797147e+05
3.530772e-04 8.519877e-05 1.611789e-01 1.040990e+04
8.559725e-04 6.254959e-04 4.674634e-01 2.202667e+04
1.958424e-04 4.103215e-04 7.583421e-01 1.256205e+03
7.475735e-04 8.816527e-05 7.315268e-01 1.107263e+03
2.903131e-04 3.716929e-04 3.588655e-01 7.532638e+03
7.740255e-04 6.724723e-04 4.843479e-01 1.994686e+04
4.283096e-04 1.903978e-04 8.159330e-01 1.101211e+03
8.078907e-04 8.958334e-04 8.400189e-01 9.220648e+03
3.541813e-04 9.498965e-04 3.267175e-01 2.833458e+04
2.144795e-04 9.616110e-04 1.422237e-02 9.166449e+06
7.675172e-04 7.303525e-04 5.646153e-02 1.580793e+06
3.093333e-04 4.068821e-04 7.404293e-01 2.063896e+03
7.335118e-04 7.440054e-04 2.799060e-01 6.262080e+04
7.447287e-04 2.886989e-04 4.866710e-01 8.160787e+03
2.221753e-04 3.151028e-04 2.001110e-01 1.571687e+04
2.148980e-04 6.062905e-04 8.486418e-01 1.626388e+03
1.997490e-04 5.952523e-04 5.083438e-01 4.136473e+03
1.433758e-04 8.787823e-04 5.318886e-01 4.003830e+03
3.777055e-04 2.553462e-04 2.951988e-01 9.949773e+03
2.760126e-05 7.664222e-04 5.168792e-01 7.118335e+02
1.118094e-04 9.410723e-04 1.194401e-02 6.630724e+06
6.748895e-04 2.031900e-06 2.845221e-01 1.522869e+02
7.999768e-04 4.766130e-04 3.552754e-01 2.715644e+04
8.144900e-05 6.573833e-04 2.911114e-01 5.679966e+03
2.324706e-04 8.434799e-04 9.509271e-02 1.949432e+05
2.084180e-04 1.845557e-04 5.265634e-01 1.247157e+03
9.174162e-04 8.563031e-04 7.905943e-01 1.129916e+04
7.116032e-04 3.650011e-04 9.431725e-01 2.624881e+03
5.543307e-04 8.923817e-04 5.023169e-01 1.762478e+04
3.052135e-04 2.868403e-05 5.978163e-01 2.202257e+02
8.350192e-04 8.630475e-05 2.979513e-01 7.297938e+03
4.358707e-04 9.814291e-04 1.576679e-01 1.546997e+05
9.235328e-04 6.098924e-04 1.405530e-01 2.563216e+05
7.063458e-04 4.182147e-04 7.350372e-01 4.915387e+03
4.785533e-04 1.700450e-04 7.371247e-01 1.346393e+03
1.270839e-04 6.502513e-04 1.875565e-01 2.111870e+04
9.760675e-04 3.793809e-05 4.194248e-01 1.892374e+03
1.606738e-04 3.123023e-04 5.982029e-01 1.260616e+03
2.033995e-04 3.241557e-04 1.340291e-01 3.299628e+04
4.317506e-04 6.078345e-04 7.875153e-01 3.804170e+03
4.047977e-04 6.511804e-04 6.237923e-01 6.090025e+03
1.476047e-04 8.462085e-04 6.190695e-01 2.929939e+03
7.295896e-04 9.276534e-04 7.041960e-01 1.226978e+04
1.895563e-04 6.607973e-04 9.873113e-01 1.155202e+03
6.442517e-04 5.785957e-04 5.667705e-01 1.043220e+04
7.545516e-04 3.993168e-04 8.657721e-01 3.613758e+03
2.115217e-04 9.666459e-04 4.245216e-01 1.019958e+04
6.013533e-04 1.549251e-04 6.579247e-01 1.934901e+03
7.491794e-04 8.951917e-04 9.260086e-01 7.031235e+03
6.385805e-04 3.117021e-04 6.675093e-01 4.016061e+03
5.975302e-04 5.489406e-04 3.100499e-01 3.067480e+04
2.961868e-04 6.823842e-04 6.237462e-01 4.670232e+03
7.318749e-04 2.372332e-04 3.578051e-01 1.219211e+04
9.453631e-04 1.685689e-04 3.291430e-01 1.322412e+04
4.261358e-04 5.089735e-04 6.141030e-01 5.170357e+03
7.823996e-04 7.920720e-04 1.687200e-01 1.957131e+05
5.708490e-05 6.927220e-04 4.918715e-01 1.469388e+03
8.354363e-04 1.198544e-04 9.461779e-01 1.005498e+03
1.930578e-04 9.008415e-04 3.900751e-01 1.027540e+04
3.957018e-04 4.802578e-04 1.970730e-01 4.398940e+04
3.007810e-04 9.467300e-04 4.741506e-01 1.138685e+04
8.102354e-05 5.538803e-04 8.424988e-01 5.683924e+02
9.047264e-04 8.571702e-05 8.442410e-01 9.781627e+02
3.707840e-04 2.032606e-04 8.295252e-01 9.846337e+02
5.311667e-04 8.543837e-04 2.136076e-02 8.941497e+06
4.946221e-04 7.062214e-04 2.743699e-01 4.171586e+04
1.330290e-04 8.950446e-04 9.998770e-01 1.070674e+03
2.072476e-04 3.298169e-04 1.284864e-01 3.722266e+04
7.711262e-05 5.284734e-04 4.951886e-01 1.494056e+03
5.084138e-04 6.507477e-04 7.921259e-01 4.740250e+03
2.622880e-04 5.946966e-04 1.309918e-01 8.172323e+04
3.577045e-04 2.322315e-04 6.657851e-01 1.684756e+03
1.089573e-04 4.273945e-04 4.931996e-01 1.721073e+03
7.877643e-04 2.488634e-04 2.023471e-01 4.304503e+04
1.074773e-04 8.457693e-04 8.798437e-01 1.055643e+03
9.857231e-04 9.866908e-04 1.896725e-01 2.430451e+05
1.779840e-04 6.750423e-05 6.426623e-01 2.615206e+02
5.728327e-04 7.142141e-04 7.434186e-01 6.655015e+03
4.580049e-05 3.307854e-04 5.670462e-01 4.235838e+02
7.873292e-04 6.258099e-04 6.325532e-01 1.107043e+04
1.904163e-04 2.588715e-04 1.277757e-01 2.714259e+04
5.283761e-04 6.513566e-04 3.149566e-01 3.119035e+04
7.403375e-04 3.717760e-04 5.910926e-01 7.082063e+03
1.507816e-04 2.955261e-04 4.015091e-01 2.484923e+03
5.515361e-04 9.118514e-04 6.673066e-01 1.015329e+04
2.174006e-04 9.425564e-04 8.534351e-01 2.529221e+03
7.594369e-04 6.139365e-04 1.983199e-01 1.065718e+05
7.231923e-04 2.152533e-04 9.042400e-01 1.711575e+03
1.773725e-04 9.394795e-04 3.893441e-01 9.882482e+03
8.621046e-04 7.507031e-04 9.436931e-01 6.533205e+03
2.075532e-05 7.513387e-04 6.212085e-01 3.632873e+02
8.603768e-04 2.125096e-04 7.921946e-01 2.619167e+03
5.593449e-04 8.303264e-04 5.196277e-01 1.546335e+04
4.038173e-04 2.408551e-04 5.358332e-01 3.045377e+03
7.589882e-04 6.319891e-04 3.343180e-01 3.858201e+04
7.172121e-04 7.110288e-04 1.380711e-01 2.404857e+05
9.873388e-04 7.426410e-04 3.899837e-01 4.334230e+04
2.788070e-04 3.908744e-04 2.228267e-01 1.973177e+04
4.789879e-06 7.600656e-04 4.253660e-02 1.808880e+04
9.339687e-04 9.030330e-04 2.821380e-01 9.525166e+04
8.580392e-04 5.878326e-04 1.887703e-01 1.272487e+05
7.291220e-04 9.131931e-05 8.767750e-01 7.786570e+02
5.171721e-04 1.298470e-04 9.042420e-02 7.383417e+04
7.072493e-04 1.061573e-04 1.920566e-01 1.829883e+04
7.807490e-04 1.735547e-04 7.069904e-01 2.437141e+03
3.755011e-04 1.273045e-04 9.200336e-01 5.076999e+02
7.705522e-04 7.785226e-04 2.589439e-01 8.043068e+04
7.508737e-04 4.037210e-05 3.108812e-02 2.819805e+05
6.135980e-04 2.423169e-04 9.608994e-01 1.447676e+03
4.024641e-04 8.791873e-04 6.853984e-01 6.771455e+03
6.976107e-04 9.735453e-04 3.175561e-01 6.054638e+04
4.109745e-06 6.058166e-04 4.776497e-01 9.810625e+01
7.751218e-04 9.762620e-04 6.032633e-01 1.869314e+04
8.965202e-04 4.440809e-05 3.801299e-01 2.476953e+03
2.400764e-04 9.486242e-04 8.757429e-01 2.669624e+03
1.216464e-04 3.119848e-04 7.289109e-01 6.421605e+02
2.210637e-04 7.991739e-04 9.547973e-01 1.742192e+03
3.027946e-04 8.108185e-04 3.575549e-01 1.726419e+04
8.831455e-04 8.601386e-04 9.378023e-01 7.764934e+03
5.436233e-04 4.590923e-04 4.843096e-01 9.565586e+03
2.874249e-04 9.307137e-04 6.458994e-01 5.764617e+03
1.392163e-04 2.586351e-04 7.392807e-01 5.922684e+02
2.908543e-04 9.345110e-04 8.112446e-01 3.712924e+03
6.142572e-04 6.195005e-04 4.022968e-01 2.113774e+04
3.248144e-04 9.854595e-04 4.534665e-01 1.399405e+04
4.579028e-04 3.361122e-05 8.191043e-01 2.062239e+02
4.446730e-04 7.254415e-04 7.203816e-01 5.588272e+03
8.283072e-04 5.659887e-04 9.414407e-01 4.755245e+03
4.269218e-04 4.929316e-04 9.798019e-01 1.970689e+03
3.463531e-04 2.599589e-04 1.871242e-01 2.311658e+04
6.752966e-04 3.275039e-04 2.356402e-01 3.580732e+04
2.222606e-04 2.502127e-04 7.188266e-01 9.675720e+02
4.677786e-04 2.200486e-04 7.499089e-01 1.645514e+03
3.154509e-04 7.998612e-04 6.071478e-01 6.153431e+03
6.272287e-04 5.028926e-04 8.785268e-01 3.674099e+03
8.774831e-04 8.410670e-05 2.594706e-01 9.854915e+03
4.482413e-04 7.772072e-04 3.460925e-01 2.614713e+04
7.846730e-04 5.341154e-04 4.997004e-01 1.508913e+04
4.575087e-04 7.396484e-04 3.218768e-01 2.936331e+04
6.565731e-04 5.158783e-04 5.499847e-01 1.006674e+04
1.327091e-04 4.005460e-04 6.856533e-01 1.016491e+03
4.335485e-04 9.862605e-04 2.281632e-01 7.384103e+04
9.094027e-04 2.921438e-05 4.904841e-01 9.928022e+02
6.058735e-04 9.328311e-04 9.930515e-01 5.152300e+03
7.670078e-04 9.309241e-04 3.309197e-01 5.861767e+04
5.051959e-04 3.915278e-04 4.500830e-02 8.778026e+05
4.985576e-04 2.152504e-04 8.191782e-01 1.437680e+03
8.430569e-04 6.195941e-04 5.082737e-01 1.817727e+04
6.873913e-05 1.787944e-04 6.225602e-02 2.850722e+04
5.736990e-04 8.034050e-04 8.914020e-01 5.214722e+03
9.428198e-04 2.546799e-04 4.104692e-01 1.281215e+04
5.183422e-04 2.915153e-04 9.299805e-01 1.570688e+03
1.952713e-04 9.159999e-04 4.080574e-01 9.657198e+03
8.480915e-04 9.030139e-04 8.606396e-02 9.295102e+05
2.523875e-04 5.358455e-04 2.528481e-01 1.901725e+04
7.010253e-04 8.629761e-04 3.567579e-01 4.273119e+04
5.407207e-04 3.531800e-04 7.532210e-01 3.026105e+03
9.488875e-04 9.978864e-04 1.929007e-01 2.287642e+05
6.247124e-04 4.342560e-04 4.366639e-01 1.279060e+04
8.381400e-04 2.955172e-04 8.745130e-01 2.911565e+03
8.924943e-06 4.253266e-05 5.384235e-01 1.177171e+01
9.893507e-04 9.897172e-04 1.121232e-01 7.002133e+05
7.863686e-05 4.654227e-04 3.427726e-02 2.800407e+05
3.228074e-04 7.348504e-04 7.087517e-01 4.245354e+03
9.462062e-04 6.411668e-04 9.793362e-01 5.686603e+03
9.930163e-06 7.233703e-04 7.873136e-01 1.041793e+02
8.229073e-04 5.205979e-05 7.670789e-01 6.545351e+02
8.613504e-04 9.201254e-04 6.786930e-01 1.546820e+04
4.403910e-04 9.269144e-04 7.975477e-01 5.769317e+03
2.564894e-04 5.524430e-04 4.961761e-02 5.174222e+05
8.028868e-04 9.639520e-04 2.720348e-01 9.402004e+04
4.783841e-04 2.816746e-04 6.984436e-01 2.483256e+03
1.352043e-04 6.025445e-04 8.683184e-01 9.713621e+02
9.279211e-04 3.970662e-04 6.778608e-01 7.208629e+03
8.960740e-04 6.283952e-04 1.845134e-01 1.486897e+05
4.920536e-04 3.013317e-04 9.369454e-01 1.518407e+03
8.568458e-04 8.195390e-04 9.043449e-01 7.719049e+03
4.191594e-04 7.071619e-05 9.581198e-02 2.902807e+04
6.837814e-04 4.283569e-05 2.010700e-01 6.513105e+03
3.985926e-04 5.034699e-05 2.824411e-01 2.261553e+03
5.062363e-04 1.513046e-04 7.410278e-01 1.253996e+03
1.903622e-04 3.959551e-04 8.607796e-01 9.145392e+02
9.650239e-04 9.554346e-04 5.825392e-01 2.442578e+04
2.949215e-04 1.116846e-04 2.076491e-01 6.867511e+03
1.043561e-04 6.479054e-04 4.209390e-01 3.430448e+03
1.451711e-04 5.280939e-04 1.464806e-01 3.212112e+04
1.507820e-05 3.538892e-04 9.182222e-01 5.689589e+01
7.162298e-04 1.990010e-04 7.668856e-01 2.178744e+03
5.649338e-04 2.213735e-04 5.151117e-01 4.237211e+03
7.947838e-04 4.477769e-05 4.590393e-01 1.518346e+03
5.075728e-04 7.134508e-04 1.068637e-01 2.850769e+05
7.920292e-04 6.541864e-04 3.254886e-01 4.396740e+04
6.960685e-04 4.443260e-04 1.294265e-01 1.659844e+05
7.780706e-04 7.192205e-04 7.845147e-01 8.174076e+03
4.070764e-04 1.108660e-04 5.494349e-01 1.344007e+03
6.481229e-04 9.387805e-04 2.350046e-01 9.904403e+04
1.806145e-04 8.477791e-04 2.319608e-01 2.558384e+04
3.224981e-04 6.593766e-04 2.677942e-01 2.665742e+04
1.734320e-04 3.794523e-04 3.157840e-01 5.932884e+03
4.092286e-04 4.171502e-04 3.938281e-01 9.894748e+03
2.421773e-04 4.826718e-04 3.045734e-01 1.132820e+04
4.075151e-04 9.353485e-04 6.827603e-01 7.350896e+03
9.752471e-04 8.637294e-04 4.472288e-02 3.786103e+06
3.209990e-04 4.784459e-04 3.348292e-01 1.231543e+04
9.825085e-04 5.549640e-04 7.478390e-01 8.764853e+03
6.366698e-04 8.755285e-04 9.433799e-01 5.630811e+03
3.757159e-04 9.493152e-04 8.047052e-01 4.951720e+03
8.576270e-04 6.395456e-04 2.484179e-01 7.990311e+04
6.199672e-04 7.487718e-04 2.405863e-01 7.210012e+04
2.527810e-04 3.522733e-04 1.984334e-01 2.033079e+04
7.930628e-04 9.181103e-04 8.836726e-01 8.382613e+03
4.335056e-04 8.369153e-04 2.454771e-01 5.412698e+04
3.581537e-04 5.525038e-04 7.605988e-01 3.075056e+03
3.309467e-04 8.677596e-04 2.684392e-01 3.582821e+04
6.976715e-04 8.500220e-04 4.275102e-02 2.917076e+06
2.693815e-04 8.086029e-04 7.361132e-01 3.613878e+03
8.084697e-04 1.315621e-04 7.289398e-01 1.799580e+03
2.959935e-04 5.364666e-04 9.806952e-02 1.484282e+05
5.445773e-04 9.008823e-04 3.334342e-01 3.967043e+04
4.884336e-04 7.710610e-04 9.488816e-01 3.760364e+03
8.555011e-04 4.212925e-04 1.713195e-01 1.103952e+05
8.884980e-04 9.779025e-04 9.580575e-02 8.509981e+05
1.852001e-04 2.515224e-04 5.986578e-01 1.168477e+03
5.857631e-04 3.342766e-04 9.316800e-01 2.027936e+03
8.983068e-04 9.542463e-04 1.424405e-01 3.798199e+05
4.466711e-04 8.089066e-04 5.178822e-01 1.211111e+04
9.219464e-04 9.004397e-04 6.871592e-01 1.580539e+04
2.797119e-04 1.257800e-05 1.801115e-01 9.749886e+02
6.092223e-04 3.803847e-04 2.114729e-02 4.658530e+06
6.827713e-04 2.362864e-04 8.888063e-01 1.835944e+03
2.289775e-04 2.966391e-04 4.487896e-02 3.031764e+05
1.475375e-05 7.382575e-04 2.648837e-01 1.395595e+03
4.173072e-04 7.243608e-04 6.551672e-01 6.330912e+03
9.385434e-04 4.623376e-04 2.929251e-01 4.546321e+04
3.436851e-04 3.659092e-04 1.961052e-02 2.939784e+06
7.799646e-04 5.851069e-04 5.796973e-01 1.220864e+04
1.755616e-04 5.341740e-04 3.147144e-01 8.512142e+03
3.426109e-04 5.510290e-04 1.599989e-01 6.629811e+04
1.454531e-04 6.158616e-04 9.715705e-01 8.531340e+02
7.170540e-04 3.962526e-04 1.733225e-01 8.503028e+04
6.996083e-04 7.719468e-04 7.299631e-01 9.111717e+03
6.888088e-04 2.519520e-04 8.918169e-01 1.961664e+03
2.541426e-04 6.561050e-04 8.601280e-01 2.026210e+03
6.926678e-04 9.604368e-04 1.924145e-01 1.615392e+05
2.280702e-04 4.551206e-06 2.444404e-01 1.561740e+02
4.252245e-04 7.236377e-04 2.817901e-02 3.483755e+06
3.725502e-04 1.098860e-04 9.320914e-01 4.236137e+02
3.559526e-04 5.442437e-04 8.882500e-01 2.207369e+03
5.859715e-05 6.272891e-04 5.995115e-01 9.194093e+02
6.320150e-04 2.437042e-04 1.182740e-01 9.898551e+04
7.076093e-04 9.139300e-04 1.818072e-01 1.758911e+05
6.139751e-04 6.226902e-04 5.811908e-01 1.017525e+04
6.486644e-04 2.324630e-04 2.591404e-01 2.018661e+04
1.707708e-04 7.703621e-04 3.071701e-01 1.253459e+04
1.502974e-04 1.064016e-04 1.792775e-01 4.473090e+03
5.146609e-04 5.556701e-04 1.976958e-01 6.578138e+04
8.754574e-04 9.586111e-05 4.687869e-01 3.433098e+03
1.847695e-04 5.814031e-04 5.147752e-01 3.644450e+03
4.633763e-04 2.537271e-04 5.164641e-01 3.962599e+03
4.295034e-04 6.498173e-04 9.971674e-01 2.523373e+03
4.977919e-04 7.161111e-04 1.382999e-01 1.675500e+05
1.623493e-04 5.246614e-04 7.586082e-01 1.330620e+03
3.430982e-04 6.578639e-04 7.958192e-01 3.203947e+03
2.626185e-04 8.134806e-04 5.890338e-01 5.535436e+03
8.446824e-04 8.077048e-04 4.681108e-01 2.799036e+04
8.005319e-04 6.200623e-04 8.944924e-01 5.577254e+03
4.272125e-04 4.516514e-04 8.298984e-01 2.518588e+03
6.074084e-04 4.085420e-04 5.978803e-02 6.240923e+05
1.463201e-04 8.748729e-04 9.633539e-01 1.240044e+03
5.101037e-04 7.032288e-04 1.726649e-02 1.081699e+07
2.976501e-04 1.857501e-04 5.774009e-01 1.490870e+03
8.597913e-04 5.661664e-04 5.767065e-01 1.315792e+04
6.719268e-04 9.088992e-04 8.360359e-01 7.855025e+03
6.338405e-04 1.515393e-04 3.908689e-01 5.652008e+03
1.256265e-04 8.456722e-04 1.001305e-01 9.526003e+04
4.711173e-04 8.203823e-04 5.858704e-01 1.012283e+04
9.865862e-04 4.998418e-04 3.459740e-02 3.703738e+06
9.483509e-04 3.854627e-05 3.681778e-01 2.424353e+03
6.454406e-04 1.483550e-04 9.854636e-01 8.864147e+02
1.525731e-04 9.227161e-04 8.700911e-01 1.671770e+03
6.394877e-04 4.511064e-05 1.609718e-01 1.000856e+04
5.660965e-04 3.731263e-04 8.008378e-01 2.960853e+03
4.691972e-04 6.194206e-04 8.128870e-01 3.954034e+03
4.286094e-04 1.977511e-04 9.289251e-01 8.830369e+02
5.996705e-04 9.810987e-04 2.321404e-01 9.814847e+04
8.501199e-04 1.568193e-04 5.039778e-01 4.718636e+03
7.513699e-04 5.401395e-04 8.291697e-01 5.306799e+03
5.797812e-04 6.183933e-04 6.706604e-01 7.166106e+03
9.247795e-04 2.317590e-04 5.979968e-01 5.388113e+03
6.567524e-05 4.668427e-04 6.554561e-01 6.415711e+02
9.913552e-04 4.915175e-04 2.461309e-01 7.230958e+04
5.394155e-05 7.670955e-04 3.528468e-02 2.987859e+05
2.002961e-04 6.346465e-04 7.388947e-01 2.093143e+03
4.233299e-04 4.680825e-04 3.335239e-01 1.601427e+04
1.084014e-04 6.672756e-04 3.829893e-01 4.433292e+03
6.240467e-04 4.539240e-04 6.164899e-01 6.700513e+03
4.894457e-05 5.261859e-04 6.605934e-01 5.305606e+02
2.853393e-04 6.589095e-04 2.108699e-01 3.801174e+04
6.197564e-05 1.820142e-04 8.277712e-01 1.480012e+02
7.038158e-04 7.882615e-04 3.864045e-01 3.340447e+04
6.687877e-04 6.032625e-04 6.354270e-01 8.983033e+03
3.792020e-04 9.803526e-04 9.667473e-01 3.575911e+03
1.890061e-04 2.231608e-04 5.691384e-01 1.170625e+03
7.472578e-04 4.668002e-04 3.653220e-01 2.349684e+04
3.410389e-04 8.957462e-04 6.227804e-01 7.080741e+03
7.955059e-04 6.018320e-04 5.067752e-01 1.675898e+04
4.884130e-04 7.262329e-04 4.578525e-01 1.521149e+04
5.261438e-04 4.142565e-04 7.349480e-01 3.627607e+03
2.946236e-05 6.846253e-04 9.252650e-01 2.118107e+02
6.445878e-04 9.461090e-04 4.844787e-01 2.335789e+04
3.513058e-04 2.009859e-04 9.734785e-02 6.698197e+04
2.299758e-04 8.075579e-04 5.739570e-01 5.068236e+03
4.344495e-04 9.695685e-04 2.525013e-01 5.939503e+04
3.830850e-04 1.555416e-05 4.918213e-02 2.214557e+04
4.703193e-04 2.159944e-04 7.902588e-01 1.462366e+03
9.795039e-04 1.182595e-04 2.800406e-01 1.327884e+04
3.650137e-04 7.676561e-04 7.792998e-01 4.147882e+03
7.746357e-04 8.213537e-05 4.933269e-01 2.350271e+03
5.532148e-04 9.984151e-04 3.247565e-01 4.708135e+04
8.892420e-04 3.902224e-04 3.208852e-01 3.029650e+04
3.555979e-04 9.052976e-04 5.160451e-02 1.086763e+06
2.462732e-04 1.893890e-04 5.390558e-01 1.442993e+03
9.111082e-04 4.414313e-04 8.253160e-01 5.308261e+03
4.449073e-05 8.449670e-04 9.305640e-02 3.902802e+04
9.508027e-04 5.956745e-04 1.174731e-01 3.689624e+05
5.568505e-04 4.626959e-04 5.339634e-01 8.124022e+03
3.769869e-04 5.131371e-04 6.635404e-01 3.949886e+03
9.950573e-04 5.743116e-04 6.977985e-01 1.055104e+04
5.930428e-05 4.408789e-04 3.200895e-01 2.294152e+03
5.171897e-04 1.943654e-04 4.740000e-02 4.022276e+05
3.206598e-05 1.148518e-04 4.204173e-01 1.873186e+02
5.716046e-04 1.520767e-04 2.337837e-01 1.429847e+04
1.812880e-04 5.343847e-05 1.110368e-02 7.063970e+05
6.313282e-04 5.591177e-04 6.888594e-01 6.687395e+03
9.809428e-04 8.478733e-04 9.525419e-01 8.240738e+03
8.750276e-04 3.597602e-04 3.972402e-01 1.793445e+04
4.523844e-04 7.623556e-05 3.072954e-01 3.283316e+03
7.087524e-04 4.262987e-04 5.582143e-01 8.716986e+03
7.776913e-04 6.024058e-04 8.534565e-01 5.782203e+03
4.953482e-04 4.259781e-04 7.970178e-01 2.986218e+03
5.290050e-04 8.109105e-04 6.879091e-01 8.149486e+03
1.516336e-04 9.419444e-04 4.377860e-01 6.699720e+03
3.700305e-04 8.700409e-04 6.935297e-01 6.017371e+03
1.430790e-04 7.042955e-04 2.238651e-01 1.807664e+04
7.271669e-04 4.708286e-04 2.911040e-01 3.632121e+04
4.775360e-04 6.830153e-04 7.800424e-01 4.819032e+03
4.494300e-04 1.440489e-05 9.306803e-01 6.719402e+01
8.861120e-04 9.824956e-04 1.981490e-01 1.993403e+05
5.280912e-04 1.729053e-04 3.031027e-01 8.935056e+03
4.096817e-04 9.063541e-04 1.614816e-02 1.280141e+07
2.696231e-04 8.073028e-04 4.372466e-01 1.023530e+04
7.294002e-05 8.003395e-04 2.181921e-01 1.102356e+04
4.187180e-04 2.696671e-04 6.450105e-01 2.439921e+03
2.672773e-05 2.199347e-04 7.124933e-01 1.041007e+02
2.918628e-04 4.293719e-04 1.275899e-01 6.920527e+04
5.040060e-04 8.495217e-04 9.132256e-02 4.615446e+05
9.659671e-04 4.509293e-04 9.072717e-01 4.757247e+03
1.102735e-04 9.354847e-04 3.953464e-01 5.933517e+03
6.733680e-04 3.533266e-04 5.380695e-01 7.387745e+03
5.004324e-04 6.197728e-04 9.636091e-01 3.002865e+03
7.773211e-04 9.807183e-04 7.614635e-01 1.181970e+04
1.444634e-04 6.438191e-04 3.322849e-01 7.572863e+03
8.411943e-05 4.645272e-05 9.499081e-02 3.893176e+03
3.998194e-04 4.640935e-04 5.406638e-01 5.706562e+03
7.971653e-04 3.354166e-04 3.427642e-01 2.045982e+04
1.924841e-04 5.326494e-04 3.146855e-02 9.307701e+05
7.680094e-04 2.854615e-04 7.734408e-01 3.294728e+03
2.910077e-04 1.231390e-04 3.910600e-01 2.106555e+03
2.176746e-04 6.686207e-04 5.756079e-01 3.949060e+03
1.769887e-05 6.816784e-04 7.581854e-01 1.886835e+02
3.992604e-04 8.672722e-04 9.414389e-01 3.512263e+03
3.817004e-04 1.332491e-04 6.161991e-01 1.204216e+03
6.596856e-04 7.988217e-04 3.222422e-01 4.562277e+04
7.184748e-05 8.269420e-04 1.189757e-01 3.773370e+04
1.534514e-04 6.469034e-04 8.317970e-02 1.289838e+05
1.755931e-05 2.057172e-04 3.264939e-01 3.046405e+02
1.146826e-04 2.621593e-04 6.642307e-01 6.126104e+02
6.521375e-04 4.190783e-04 6.982005e-01 5.040037e+03
4.032542e-04 5.422573e-04 2.156409e-01 4.227483e+04
3.217053e-04 4.779605e-04 9.196798e-02 1.634318e+05
5.583541e-04 4.679924e-04 3.124556e-01 2.406200e+04
9.934670e-04 8.400009e-04 5.520988e-01 2.461270e+04
8.346520e-04 8.702323e-04 7.571230e-01 1.139115e+04
6.999236e-04 8.169372e-04 5.343607e-01 1.800238e+04
9.183403e-04 8.779236e-04 2.941139e-01 8.378937e+04
4.068898e-05 5.714378e-04 6.279379e-01 5.301173e+02
7.126311e-05 9.640721e-04 2.721883e-01 8.336718e+03
4.745323e-04 6.069378e-04 6.561660e-01 6.013706e+03
3.498182e-04 6.043438e-04 8.434790e-01 2.671392e+03
9.373148e-04 3.199784e-04 6.425583e-01 6.530415e+03
4.900754e-04 6.815230e-04 5.699752e-01 9.242538e+03
5.401095e-04 5.291372e-05 3.140707e-01 2.604684e+03
8.953651e-04 1.354119e-04 8.780093e-01 1.413899e+03
4.471884e-04 1.311119e-04 9.889337e-01 5.389619e+02
8.771574e-04 6.555461e-04 7.797046e-01 8.503157e+03
2.543282e-04 1.761573e-04 5.779074e-01 1.205975e+03
2.745359e-04 3.418057e-04 1.498665e-01 3.756027e+04
3.290330e-04 4.526734e-05 3.217797e-01 1.293203e+03
5.480167e-04 2.345006e-04 3.731907e-01 8.295371e+03
2.209085e-04 9.642601e-04 2.989763e-01 2.142363e+04
6.717577e-04 5.096303e-04 4.514933e-01 1.509819e+04
1.436505e-04 1.519234e-04 6.145262e-01 5.195302e+02
9.500617e-05 5.234855e-04 2.207854e-01 9.172238e+03
8.703216e-04 9.435659e-04 2.572622e-01 1.115475e+05
2.376318e-04 8.658203e-04 1.210290e-01 1.262738e+05
3.866180e-04 3.926738e-04 3.145127e-01 1.379740e+04
5.719706e-04 2.845836e-04 5.024738e-01 5.795841e+03
5.262762e-04 7.619681e-04 4.949097e-01 1.471832e+04
7.694786e-05 2.412438e-04 9.956214e-01 1.683542e+02
8.742518e-04 2.549781e-04 9.812975e-01 2.081123e+03
9.511845e-04 8.500227e-05 4.421971e-01 3.717261e+03
8.126948e-04 8.642800e-04 9.723004e-01 6.679449e+03
2.845180e-04 4.484510e-04 2.222539e-01 2.322125e+04
5.283189e-04 5.622245e-04 5.457097e-01 8.966900e+03
3.400773e-04 7.369742e-04 4.589010e-01 1.069921e+04
5.551126e-04 7.966924e-04 9.679328e-01 4.243665e+03
9.744291e-04 4.480606e-04 8.378145e-01 5.591792e+03
3.123912e-04 1.849434e-04 2.220055e-01 1.053829e+04
6.691278e-04 8.289041e-04 4.451437e-01 2.516359e+04
3.266412e-04 3.196696e-05 1.767922e-01 3.003349e+03
7.747028e-04 9.467815e-04 5.337963e-01 2.314160e+04
