# n T V P
7.830310e+00 1.631323e+02 4.249634e+00 2.204602e+03
8.131073e+00 4.289638e+02 6.196662e+00 2.531618e+03
8.629205e-01 4.950755e+02 8.030361e+00 1.926004e+03
6.338370e+00 3.223503e+02 7.286983e+00 6.752225e+02
1.337626e+00 2.211311e+02 9.391973e+00 -1.877631e+01
1.673441e+00 1.240916e+02 5.080459e-01 3.368605e+03
7.869497e+00 3.887453e+02 2.039416e+00 1.074797e+04
9.736630e+00 3.364059e+02 2.116411e+00 1.575554e+04
9.336980e+00 4.342006e+02 9.199912e+00 3.034480e+03
7.388534e+00 4.298370e+02 9.867885e+00 2.727567e+03
9.783420e+00 4.527535e+02 9.848827e+00 1.222137e+03
2.536444e+00 3.010596e+02 3.931818e+00 2.471956e+03
2.272954e+00 1.819516e+02 5.696954e+00 1.753121e+02
9.131204e+00 4.176231e+02 2.944233e+00 1.156500e+04
5.539913e+00 1.948184e+02 9.245224e+00 7.308155e+02
1.649839e+00 1.862833e+02 5.231091e+00 -1.744120e+03
2.168836e+00 4.960913e+02 2.916856e+00 4.370332e+03
3.737104e+00 3.339996e+02 1.600070e+00 7.982480e+03
4.962058e+00 2.875097e+02 8.078234e+00 2.185226e+03
4.204238e+00 1.137517e+02 9.344912e+00 3.702811e+01
1.772369e+00 2.689824e+02 2.353754e+00 -5.715095e+02
8.470938e+00 2.846291e+02 1.817774e-01 1.087834e+05
8.896778e+00 1.686710e+02 5.803239e+00 3.050156e+03
8.367431e-01 4.342312e+02 3.832244e+00 8.087837e+02
3.955431e+00 2.361660e+02 2.472062e+00 2.335157e+03
3.047972e+00 2.675892e+02 2.147975e+00 4.390219e+03
1.480775e+00 1.748976e+02 4.250301e+00 -8.998096e+01
1.565711e+00 1.626191e+02 5.793483e+00 1.814298e+03
8.047789e+00 4.922359e+02 6.157769e+00 5.919697e+03
2.439569e+00 1.348026e+02 9.136793e+00 -1.075432e+03
5.428242e+00 2.986873e+02 4.666096e-01 2.784555e+04
6.276016e+00 4.956186e+02 3.133794e+00 9.778007e+03
7.537633e+00 3.984766e+02 4.947084e+00 6.478754e+03
2.558044e-01 4.625094e+02 5.453775e+00 -2.540222e+02
5.770898e+00 1.816127e+02 7.401471e+00 1.424977e+03
9.162212e+00 4.541984e+02 1.888051e+00 1.805488e+04
1.462845e+00 3.288802e+02 7.141936e-01 6.149556e+03
4.383298e+00 4.232747e+02 5.565145e+00 2.230837e+03
9.068303e+00 2.300032e+02 9.013698e-01 1.895291e+04
3.413597e+00 1.959394e+02 7.983264e-01 9.117488e+03
8.890709e+00 1.674510e+02 8.357115e+00 4.014299e+03
2.771612e+00 2.139454e+02 2.787782e+00 2.852085e+03
6.976306e+00 3.071272e+02 3.464218e+00 5.392242e+03
9.616435e+00 2.971290e+02 3.895719e+00 5.508880e+03
8.434401e+00 2.034242e+02 3.039575e+00 6.305919e+03
6.784974e+00 2.371950e+02 8.652907e+00 1.417199e+03
7.721360e+00 2.648299e+02 8.190128e+00 9.264393e+02
8.002517e+00 1.796912e+02 8.600891e-01 1.445429e+04
5.006747e+00 2.826126e+02 2.172519e+00 5.290354e+03
1.156092e+00 4.048144e+02 7.842366e+00 4.182712e+02
1.860771e+00 4.302104e+02 5.455707e+00 2.083870e+02
1.654973e-01 2.470152e+02 1.643223e+00 -2.760075e+02
1.363513e+00 2.855085e+02 7.991457e+00 -1.429832e+03
9.470654e+00 2.966130e+02 5.019401e+00 6.063576e+03
9.097489e+00 2.487527e+02 1.089200e+00 1.856933e+04
8.576941e+00 2.199829e+02 7.952685e+00 -7.645889e+02
1.109608e+00 3.490490e+02 3.238269e+00 2.083154e+03
6.913760e-01 1.787541e+02 3.109224e+00 -9.675507e+02
8.107782e+00 2.257597e+02 1.869818e+00 8.700096e+03
2.717709e-01 4.103749e+02 3.931381e+00 1.416243e+03
1.977293e+00 2.472248e+02 6.702754e+00 -8.159281e+01
7.894136e+00 2.850040e+02 1.856127e+00 9.399919e+03
9.361914e-01 3.988414e+02 2.584188e+00 1.314238e+03
2.264511e+00 4.841949e+02 4.289789e+00 6.833047e+02
3.833481e+00 2.592756e+02 4.747857e+00 5.749338e+02
9.260747e-01 1.355742e+02 5.807884e+00 -1.885525e+03
5.244092e+00 4.260532e+02 3.975972e+00 4.555960e+03
3.265086e+00 3.792133e+02 9.989418e+00 2.785085e+03
3.951484e+00 1.959963e+02 3.227723e+00 5.538771e+03
8.722001e+00 1.678486e+02 6.557526e+00 3.599385e+02
8.810013e+00 3.631221e+02 6.572189e+00 3.870005e+03
6.855614e+00 3.474094e+02 3.963601e-01 4.900102e+04
4.037104e+00 2.278286e+02 6.011791e+00 4.964698e+02
9.412528e+00 1.560189e+02 2.130419e+00 6.911872e+03
8.434135e+00 4.403599e+02 8.779136e+00 4.011884e+03
3.921255e+00 4.874476e+02 8.931936e+00 1.971395e+03
1.026030e+00 2.891477e+02 9.842512e+00 -1.156120e+03
8.630951e+00 1.803089e+02 4.049600e+00 3.727487e+03
7.800579e-01 2.028591e+02 8.560499e+00 6.732994e+02
2.949102e+00 3.091479e+02 1.431361e+00 7.348469e+03
1.132086e+00 4.993276e+02 4.803506e+00 3.475388e+03
8.179417e-01 3.969547e+02 9.232809e+00 -1.817264e+03
5.617691e+00 3.916557e+02 8.429418e+00 2.601639e+03
8.058849e+00 1.085149e+02 7.549939e+00 4.248174e+03
9.091405e+00 4.572358e+02 9.574695e+00 2.736690e+03
3.646557e+00 3.421630e+02 1.287215e+00 8.263664e+03
7.998943e+00 4.760226e+02 6.061523e+00 5.119762e+03
5.506971e+00 2.976567e+02 7.854221e+00 -9.601070e+02
3.378361e+00 1.273224e+02 8.721906e+00 6.330119e+02
8.839365e+00 4.828503e+02 6.651474e+00 5.252263e+03
1.516504e+00 4.546550e+02 6.362038e+00 1.253712e+03
4.763827e+00 2.407494e+02 1.745762e+00 5.777341e+03
5.687290e-01 2.603322e+02 8.243565e+00 1.464602e+03
2.189994e+00 1.579225e+02 3.132135e+00 4.321482e+02
7.243551e-01 1.533827e+02 7.113787e+00 2.177834e+03
3.597202e+00 3.883240e+02 1.089022e+00 8.801486e+03
3.545407e+00 4.767843e+02 3.562062e-01 3.991387e+04
7.959132e+00 3.872341e+02 7.870442e+00 3.459467e+03
3.343075e+00 2.107432e+02 4.768214e+00 1.814389e+03
3.249646e+00 4.145005e+02 3.712930e+00 5.566955e+02
7.735736e+00 4.838240e+02 3.878663e+00 7.682359e+03
3.224366e+00 2.650755e+02 6.306240e-01 1.214020e+04
4.511975e+00 3.226192e+02 5.934233e+00 1.233200e+03
5.749934e+00 3.781344e+02 9.090146e+00 7.539562e+02
5.665553e+00 1.926541e+02 6.916695e+00 1.730209e+03
5.022611e+00 3.234616e+02 1.672280e+00 9.470453e+03
3.896296e+00 2.393463e+02 9.549972e+00 9.288430e+02
3.891195e+00 4.212690e+02 4.016011e+00 2.342465e+03
5.719258e+00 3.758734e+02 1.019928e-01 1.744963e+05
1.543560e+00 4.213277e+02 9.102471e+00 -1.335158e+03
4.918815e+00 4.541407e+02 4.876457e-01 3.861466e+04
6.626321e+00 4.469329e+02 1.059766e+00 2.321652e+04
8.785795e+00 4.263409e+02 4.297697e+00 7.067836e+03
8.357634e+00 2.339618e+02 3.023975e+00 2.745507e+03
3.698072e+00 2.263368e+02 4.070589e+00 -7.080656e+02
4.866356e+00 2.402644e+02 6.463612e+00 2.450065e+03
3.674324e-01 2.155526e+02 3.692110e+00 -1.569019e+03
2.651033e+00 3.343534e+02 1.287175e+00 6.487501e+03
1.039411e+00 4.727221e+02 7.952162e+00 4.341655e+02
1.991534e+00 3.535659e+02 1.691589e+00 5.763757e+03
3.699820e+00 1.034156e+02 4.656430e+00 3.302511e+02
4.256875e+00 1.636539e+02 1.174963e+00 4.568484e+03
6.373413e+00 4.781179e+02 7.317303e+00 4.944283e+03
3.223812e+00 1.006345e+02 2.907885e+00 -4.826225e+02
5.432702e+00 2.497077e+02 3.150892e+00 4.411021e+03
4.835982e+00 2.601878e+02 8.218155e+00 1.822631e+03
6.684706e+00 4.703826e+02 6.847770e+00 1.910063e+03
8.412985e+00 1.353945e+02 8.409903e+00 1.417241e+03
5.358419e+00 4.961032e+02 4.162102e+00 6.258395e+03
8.228731e+00 2.474912e+02 1.459258e+00 1.001182e+04
1.646392e+00 3.070026e+02 6.936830e+00 1.367355e+03
3.615892e+00 1.493919e+02 5.248534e+00 8.370110e+02
9.974519e+00 3.520973e+02 7.071209e+00 3.526694e+03
3.245804e+00 2.422043e+02 8.181753e+00 1.590168e+03
2.789583e+00 3.873932e+02 2.837041e+00 5.269819e+03
6.974800e+00 4.402514e+02 9.087804e+00 2.119062e+03
5.853180e-01 3.656670e+02 2.959111e+00 1.880043e+03
2.684949e+00 1.242958e+02 4.840889e+00 1.360632e+03
1.120666e+00 3.721773e+02 4.861385e-01 8.952785e+03
4.981298e-01 3.529141e+02 3.869565e+00 -1.781256e+02
1.591967e+00 1.841442e+02 1.282883e+00 3.130218e+03
1.596403e-01 4.952281e+02 2.195702e+00 1.568164e+03
4.996227e+00 2.954416e+02 7.365993e-01 1.618699e+04
9.204481e+00 2.383793e+02 1.765961e+00 1.033631e+04
5.764972e+00 4.606714e+02 1.268529e-01 1.742752e+05
8.224514e+00 3.066448e+02 2.661290e-01 7.765261e+04
1.160136e+00 3.441584e+02 3.279807e+00 -4.210624e+02
1.461658e-01 4.443711e+02 4.691611e+00 -5.061841e+02
7.543652e+00 2.570164e+02 1.634816e+00 8.961521e+03
1.358108e+00 1.777675e+02 3.685770e+00 -1.790393e+03
8.136721e+00 2.121359e+02 4.665994e+00 1.685327e+03
5.754332e+00 1.112718e+02 6.641522e+00 6.824586e+02
1.111492e+00 1.931372e+02 1.849627e-01 8.512314e+03
7.614459e+00 3.226984e+02 9.334329e+00 3.378680e+03
5.979939e-01 2.071544e+02 8.467352e+00 3.570743e+03
6.503413e+00 1.598440e+02 8.420436e+00 -1.785449e+03
2.360645e+00 3.990256e+02 2.699058e+00 1.436605e+03
3.243538e+00 3.783178e+02 2.352478e+00 4.653992e+03
7.016817e+00 3.533924e+02 2.245897e+00 8.477294e+03
8.494578e+00 1.625784e+02 2.801849e+00 3.262108e+03
3.964512e-01 3.100926e+02 5.820362e+00 -2.160383e+03
9.715341e+00 4.566957e+02 6.597921e+00 5.826137e+03
9.391480e+00 1.230502e+02 9.127557e+00 -5.479388e+02
1.891262e+00 4.527400e+02 1.604756e+00 5.248079e+03
1.930281e+00 3.035509e+02 2.145158e+00 2.737689e+03
2.657215e+00 1.943986e+02 7.891889e+00 2.507968e+03
6.281531e+00 4.765517e+02 7.476453e+00 3.536861e+03
9.276556e+00 4.755432e+02 3.194540e+00 9.818831e+03
9.068670e+00 2.170855e+02 3.808901e-01 4.292354e+04
2.574166e+00 2.082342e+02 5.696616e+00 9.172387e+02
9.507684e+00 2.240082e+02 8.888865e-01 1.860625e+04
8.581000e+00 4.921722e+02 3.293710e+00 9.591379e+03
6.297277e+00 4.242258e+02 7.153738e+00 2.627589e+03
9.698192e+00 4.286466e+02 2.828662e+00 1.225955e+04
2.111568e+00 3.351183e+02 5.859017e+00 1.258860e+03
3.259078e+00 4.047437e+02 1.310376e+00 7.995448e+03
6.739197e+00 4.735717e+02 4.601819e+00 4.179188e+03
3.676210e+00 3.210739e+02 1.264072e+00 7.178298e+03
3.842452e+00 1.896857e+02 1.452574e+00 5.661459e+03
4.200991e+00 1.538592e+02 1.991390e+00 1.714800e+03
4.220417e+00 1.496548e+02 9.363555e+00 3.818172e+03
7.349260e+00 3.529039e+02 7.956393e+00 3.158928e+03
1.722442e-01 1.254183e+02 2.397329e+00 2.605316e+03
4.682279e-01 4.638519e+02 9.247092e+00 9.014357e+02
5.594871e+00 4.122507e+02 4.893470e+00 4.823015e+03
6.765125e+00 3.443250e+02 1.894822e+00 8.214917e+03
5.904818e+00 3.695821e+02 1.220575e+00 1.593400e+04
1.868084e+00 3.653245e+02 6.323204e+00 2.586454e+03
4.256650e+00 4.516662e+02 5.772428e+00 4.980216e+03
8.086041e+00 1.979202e+02 7.779040e+00 2.185073e+03
1.006093e+00 1.200816e+02 9.329697e+00 1.363573e+03
8.752724e-01 3.280120e+02 2.491607e+00 8.752318e+02
5.156872e+00 1.977963e+02 5.995828e+00 1.298777e+03
2.890353e+00 3.111475e+02 6.186085e+00 3.532085e+03
9.774024e+00 1.509889e+02 8.749388e+00 -3.701590e+01
9.620833e+00 2.589419e+02 9.372003e+00 1.255498e+03
7.283466e+00 4.965706e+02 6.167788e+00 5.278969e+03
5.475585e+00 1.454624e+02 3.944423e+00 2.106219e+02
1.620463e+00 1.713374e+02 6.181027e+00 3.469175e+03
1.925297e+00 2.782358e+02 3.462152e+00 3.725060e+02
1.569619e+00 1.731789e+02 1.645077e+00 2.500004e+03
9.454994e+00 4.145414e+02 1.149868e+00 3.077579e+04
6.969473e+00 1.219216e+02 7.008207e+00 1.547810e+03
4.181048e+00 4.994572e+02 5.005666e+00 2.394502e+03
6.527748e+00 1.951740e+02 7.820166e+00 -6.534643e+02
4.722412e+00 4.833268e+02 9.117590e+00 1.559454e+03
9.660894e+00 1.746068e+02 6.381120e+00 2.902523e+03
6.144170e+00 2.686451e+02 3.342360e+00 3.786692e+03
5.118133e+00 2.157013e+02 5.202456e-01 1.764068e+04
5.866889e+00 4.648560e+02 5.081335e+00 3.196853e+03
6.048721e+00 1.024008e+02 9.533783e+00 -1.207261e+03
3.554000e+00 2.328958e+02 8.514067e+00 2.126435e+03
3.174039e+00 3.510604e+02 4.349677e+00 2.816789e+02
1.865324e-01 3.460092e+02 9.183079e+00 1.767181e+03
8.107142e+00 3.025714e+02 9.583199e+00 2.006987e+03
8.853447e+00 4.845521e+02 5.216608e+00 6.249694e+03
5.260863e+00 1.838473e+02 9.162830e+00 2.220607e+03
5.869794e+00 4.510618e+02 7.023228e-01 2.917044e+04
4.561402e+00 3.991229e+02 9.668910e+00 8.482257e+02
5.847471e+00 1.539763e+02 8.067634e+00 3.900795e+02
7.292529e+00 1.503185e+02 9.025593e+00 -4.096202e+02
7.278373e+00 2.160137e+02 6.842317e+00 2.097345e+03
5.811454e+00 4.281863e+02 4.510393e+00 5.512349e+03
8.896469e+00 3.468789e+02 2.369482e+00 1.055000e+04
9.459907e+00 1.778525e+02 2.845724e+00 5.167968e+03
8.335521e+00 2.872311e+02 4.524445e+00 2.076940e+03
9.236210e+00 3.035477e+02 8.777809e+00 4.315236e+03
3.827299e+00 2.871250e+02 4.343866e-01 1.991798e+04
3.930147e+00 3.373882e+02 1.464071e+00 5.875784e+03
2.869133e+00 3.783816e+02 6.627904e+00 1.473306e+03
6.846400e+00 3.566347e+02 9.153869e+00 1.904546e+03
8.920178e+00 1.518354e+02 9.546155e+00 2.173856e+03
6.193526e+00 3.280725e+02 2.968189e+00 5.697751e+03
6.423564e+00 4.676383e+02 3.832024e+00 1.040112e+04
3.876023e+00 1.666873e+02 3.407489e+00 1.742593e+03
7.588997e+00 1.247750e+02 7.430392e+00 1.026702e+03
9.574522e+00 1.232360e+02 9.135122e+00 2.534279e+03
6.935224e+00 3.733725e+02 5.305037e+00 3.691724e+03
2.211868e+00 2.606276e+02 9.539342e+00 -1.839614e+02
5.400895e+00 1.726997e+02 1.656684e-01 4.764892e+04
9.129940e+00 1.365996e+02 2.953231e+00 1.919589e+03
7.273140e+00 2.585775e+02 8.778550e+00 8.063007e+02
8.424373e+00 1.364116e+02 7.945732e+00 1.722021e+03
8.603800e+00 4.499922e+02 1.905440e+00 1.760608e+04
3.750648e+00 3.894819e+02 6.521585e+00 2.747960e+03
1.420821e+00 4.368069e+02 7.999868e-01 8.122642e+03
6.516938e+00 2.986828e+02 7.295612e-01 2.255655e+04
7.736599e+00 1.940281e+02 6.537892e+00 2.921732e+03
2.522316e+00 2.852006e+02 1.116248e+00 5.476483e+03
7.702276e+00 3.948267e+02 8.796727e-01 2.998071e+04
2.345546e+00 1.076753e+02 2.672389e+00 1.429060e+02
8.034706e+00 1.009160e+02 1.067421e+00 5.893395e+03
3.637293e+00 3.040199e+02 3.407084e+00 4.982094e+03
5.337229e+00 2.207136e+02 8.257561e+00 3.981316e+02
4.064312e+00 2.910846e+02 7.701390e-01 1.247264e+04
8.100885e-01 2.107836e+02 6.277463e+00 3.030794e+03
5.828169e+00 2.841417e+02 2.774506e+00 5.849965e+03
6.632398e+00 2.460290e+02 1.622643e+00 8.343243e+03
9.473727e+00 1.304406e+02 2.078716e+00 5.122505e+03
5.243703e-01 3.407512e+02 2.084586e-01 9.968370e+03
8.137474e+00 1.999254e+02 2.003132e-01 6.811098e+04
8.204861e+00 2.744001e+02 9.928360e+00 1.492780e+03
7.607362e+00 3.669712e+02 8.167740e+00 3.585494e+03
6.514886e+00 2.281353e+02 4.863548e+00 2.327682e+03
7.824892e+00 3.183108e+02 3.843348e+00 5.103032e+03
4.812735e+00 3.804526e+02 4.732157e+00 3.359111e+03
4.875709e-01 4.170861e+02 6.730169e+00 4.283460e+02
3.126871e+00 2.468536e+02 8.524572e+00 3.762929e+03
8.262889e+00 2.270948e+02 1.263104e+00 1.511576e+04
8.844769e+00 1.968508e+02 6.918917e+00 -3.617204e+01
1.475599e+00 3.986536e+02 2.070062e+00 1.975326e+03
2.336575e+00 4.975118e+02 1.912362e+00 4.417518e+03
3.998228e+00 3.016326e+02 9.926087e-01 1.076131e+04
2.998257e+00 3.160468e+02 2.030430e+00 1.464901e+03
5.598745e+00 3.747474e+02 6.103630e+00 3.551424e+03
1.771098e+00 3.612673e+02 6.853203e+00 1.128753e+03
7.947493e+00 4.871361e+02 6.693436e+00 5.364886e+03
8.970258e+00 2.037861e+02 9.320271e-01 1.855721e+04
3.990215e+00 1.056783e+02 6.063853e-01 4.921881e+03
5.381446e-01 1.781846e+02 9.796872e+00 -3.150572e+02
1.789902e+00 2.127357e+02 5.487540e+00 -1.285000e+03
5.131620e+00 2.728624e+02 7.088281e+00 2.329274e+03
2.997604e+00 1.072705e+02 8.808799e+00 -1.361161e+03
6.155231e+00 4.681990e+02 3.495091e+00 4.569545e+03
9.482454e+00 1.496883e+02 3.863929e+00 3.433020e+03
2.305011e+00 4.945635e+02 1.379139e+00 5.675786e+03
2.596979e+00 4.716383e+02 4.183826e+00 2.559241e+03
3.009596e+00 3.765952e+02 1.896270e-01 4.864077e+04
4.895624e+00 4.188243e+02 2.172160e-01 7.781821e+04
2.205807e+00 1.366953e+02 1.018646e-01 2.417647e+04
5.886279e+00 3.222660e+02 4.647256e-01 3.447400e+04
4.427971e+00 1.663276e+02 6.975128e+00 1.524841e+02
4.471149e+00 1.101763e+02 5.625749e+00 6.834612e+02
6.526373e+00 3.155740e+02 9.484264e+00 3.344443e+03
8.292846e+00 1.793500e+02 7.031715e+00 1.982609e+03
9.214637e+00 3.596567e+02 9.247867e+00 3.600250e+03
5.278729e+00 1.397597e+02 1.550415e+00 5.318813e+03
9.063121e+00 1.658854e+02 2.692557e+00 4.696486e+03
5.912961e+00 4.602178e+02 2.928154e+00 7.953853e+03
9.488972e+00 3.462269e+02 9.356376e+00 5.459035e+03
7.187400e-01 1.594491e+02 9.100534e+00 9.151714e+02
7.609365e+00 2.470719e+02 2.977002e+00 3.862430e+03
4.447684e+00 3.911788e+02 5.630970e+00 2.754608e+03
9.067324e+00 1.535944e+02 1.638088e+00 4.839348e+03
3.024898e+00 4.117551e+02 9.487624e+00 2.539756e+03
4.893203e+00 2.491449e+02 4.212186e+00 9.085394e+01
9.137916e+00 4.923163e+02 3.227616e+00 9.261922e+03
5.402626e+00 1.008309e+02 7.005166e+00 9.849034e+01
2.669426e+00 1.259239e+02 4.793183e+00 4.060827e+03
4.811008e+00 1.543930e+02 2.028835e-01 3.183883e+04
6.988916e+00 4.965197e+02 4.122001e+00 6.832348e+03
4.278758e+00 2.521779e+02 4.796152e-01 1.749234e+04
2.514592e+00 3.060163e+02 6.473456e+00 -7.742940e+02
4.485597e+00 2.844039e+02 6.713895e+00 -1.296046e+02
9.845629e-01 3.493975e+02 9.756066e-01 2.439387e+03
8.173068e+00 3.250034e+02 3.065348e+00 7.387931e+03
8.964589e+00 1.277661e+02 6.693581e+00 -4.252422e+02
7.845124e+00 3.093121e+02 3.454040e+00 3.475457e+03
2.062173e+00 3.780821e+02 3.149974e-01 2.101218e+04
8.410984e+00 1.287877e+02 7.891982e+00 1.446892e+02
1.761546e-01 1.999229e+02 8.899236e+00 -2.317410e+02
3.138135e+00 4.063212e+02 9.122139e+00 -1.164402e+03
5.038636e+00 3.222974e+02 8.186265e+00 2.040547e+03
5.518640e+00 4.259672e+02 8.675206e-01 2.373885e+04
1.741336e+00 4.383118e+02 7.083870e+00 2.187735e+03
2.719601e+00 4.171710e+02 5.304459e+00 2.723003e+02
4.244110e-01 2.749158e+02 5.790442e+00 -6.868018e+02
2.176867e+00 2.123498e+02 1.235908e+00 2.820996e+03
8.981687e+00 3.255810e+02 4.920798e+00 3.144544e+03
9.222111e-01 1.080312e+02 6.421566e+00 1.412069e+02
9.743962e+00 4.264167e+02 4.463433e+00 6.943703e+03
6.744059e+00 2.345779e+02 3.636905e-01 3.825883e+04
6.018221e+00 2.179820e+02 6.371847e+00 2.928783e+02
1.331955e+00 1.054816e+02 2.643469e-01 5.406718e+03
3.035022e+00 4.821938e+02 8.188148e+00 5.406560e+02
1.726374e+00 1.404185e+02 8.566355e+00 4.326507e+02
3.159053e+00 2.629878e+02 8.594571e+00 2.910499e+03
1.969832e+00 2.588545e+02 5.439325e-01 7.644613e+03
4.384592e+00 3.990271e+02 6.074879e+00 9.991916e+02
8.268364e-01 4.714644e+02 9.661817e-01 2.851390e+03
5.706109e+00 2.696349e+02 9.063659e+00 2.531859e+03
6.829087e-01 4.685188e+02 5.723997e+00 2.956033e+03
6.548286e+00 1.387678e+02 5.467702e-01 1.195405e+04
2.125644e+00 2.785242e+02 3.905098e+00 -2.411494e+03
1.372252e+00 2.713698e+02 1.048838e+00 2.952797e+03
2.213271e+00 1.315669e+02 3.505988e+00 9.100021e+02
5.955395e+00 3.714812e+02 2.688836e+00 6.785750e+03
6.378601e+00 4.082615e+02 5.121091e+00 2.718138e+03
9.264871e+00 3.297400e+02 4.800493e+00 6.282654e+03
1.186524e+00 2.564015e+02 2.743263e+00 1.360370e+03
3.564868e+00 3.663247e+02 3.319863e+00 2.771612e+03
7.271164e+00 2.535097e+02 3.334090e+00 5.383876e+03
5.436712e+00 1.123640e+02 4.897890e-01 9.784224e+03
3.766507e+00 1.368984e+02 9.686370e+00 1.664177e+03
8.081967e+00 3.978159e+02 9.095496e+00 4.228098e+03
7.976512e+00 2.646799e+02 6.168645e-01 2.863436e+04
6.233686e+00 4.624138e+02 3.482641e+00 5.435785e+03
2.734599e-01 1.682429e+02 1.761367e+00 -5.822378e+02
7.346261e+00 4.660614e+02 1.564483e+00 1.914992e+04
1.026023e+00 2.345726e+02 6.685651e+00 1.987720e+03
8.835416e+00 4.665840e+02 6.080023e+00 6.719620e+03
2.457320e+00 2.160110e+02 4.056165e+00 1.992014e+03
5.417394e+00 2.195023e+02 9.385414e+00 -9.025034e+02
8.302155e+00 1.580798e+02 8.097776e-01 1.654592e+04
1.657511e+00 1.551954e+02 4.123716e+00 -1.387965e+03
5.696223e+00 4.577390e+02 8.382425e+00 3.519634e+03
1.256717e+00 2.282726e+02 6.591376e+00 2.872994e+01
2.827401e+00 2.426174e+02 6.987137e-01 6.597423e+03
4.425379e+00 3.597850e+02 6.708297e+00 4.778094e+03
3.001898e-01 1.715332e+02 6.457633e+00 -1.052551e+03
3.206822e+00 2.237397e+02 6.920049e+00 7.912966e+02
8.939334e+00 3.707170e+02 8.261990e+00 2.600725e+03
2.052633e+00 2.242327e+02 2.513349e+00 2.906350e+03
4.999671e+00 3.565575e+02 3.337918e+00 5.156747e+03
3.270156e+00 1.717355e+02 3.307716e+00 2.740420e+03
7.420772e-01 1.763469e+02 5.820110e+00 -4.858228e+02
5.800639e+00 4.235624e+02 3.201962e+00 6.002592e+03
3.893308e+00 3.620099e+02 3.835466e+00 3.377788e+03
8.471521e+00 1.159103e+02 6.151758e+00 2.100889e+03
5.617518e+00 3.267207e+02 7.149809e+00 1.649294e+03
1.605808e+00 4.208749e+02 3.339283e+00 3.868918e+02
8.483830e+00 4.625519e+02 3.716649e+00 7.148748e+03
7.674705e+00 1.633096e+02 6.560592e+00 -2.282846e+02
2.381903e+00 1.998771e+02 4.473999e-01 1.017235e+04
6.923795e+00 1.324335e+02 1.463646e+00 5.083202e+03
7.193410e+00 3.249597e+02 2.157419e+00 9.907218e+03
3.932398e-01 1.127384e+02 4.679065e+00 -9.037385e+02
5.098186e+00 3.727370e+02 8.714824e+00 -8.331058e+02
2.338434e+00 4.378885e+02 5.498453e+00 -1.637994e+01
8.357307e+00 4.365095e+02 7.932934e+00 5.010456e+03
6.395538e+00 2.741113e+02 9.126843e+00 2.488911e+03
8.608797e+00 1.121010e+02 4.200302e+00 2.867022e+03
8.125057e+00 4.783352e+02 2.730915e+00 1.395746e+04
1.462500e+00 2.799139e+02 3.843342e+00 9.268560e+02
3.799795e+00 1.050387e+02 5.229756e+00 2.006653e+03
7.566821e+00 1.618154e+02 7.931655e+00 1.101488e+03
7.074534e+00 1.480829e+02 6.298651e+00 1.889397e+03
7.424482e+00 3.476337e+02 3.174468e+00 8.103430e+03
5.915111e+00 4.924439e+02 7.780491e+00 4.697192e+03
2.136835e+00 2.723778e+02 5.666695e+00 -2.499685e+03
5.734319e+00 2.701947e+02 4.513646e+00 2.975092e+03
1.115669e+00 1.768917e+02 9.004008e+00 3.561152e+02
2.819102e+00 3.273569e+02 8.379955e+00 1.507545e+03
2.227432e-01 2.309159e+02 9.713230e+00 -1.861380e+02
9.477590e+00 2.937714e+02 8.741396e+00 1.465551e+03
4.741134e-01 3.492653e+02 4.253159e-01 3.461101e+03
7.138568e+00 4.277535e+02 3.772435e+00 7.918569e+03
2.006494e+00 4.730302e+02 9.525057e+00 -8.939945e+02
5.656280e+00 3.476384e+02 6.574659e+00 1.677637e+03
4.742672e+00 4.194555e+02 7.611449e+00 3.458790e+03
6.804648e+00 4.356095e+02 1.349217e-01 1.847888e+05
7.098563e+00 3.617525e+02 1.509804e+00 1.411385e+04
5.040167e+00 3.529826e+02 9.328806e+00 1.201566e+03
5.006443e+00 1.516933e+02 1.459757e+00 4.531283e+03
1.128896e-01 1.349284e+02 5.767222e+00 -4.004931e+01
3.615227e+00 1.414159e+02 7.121106e+00 2.116225e+03
2.522122e+00 3.333664e+02 9.462952e+00 -9.714381e+02
3.044610e+00 4.736858e+02 3.401590e-01 3.447111e+04
6.368300e+00 3.214004e+02 6.717595e+00 3.891204e+03
9.340516e+00 4.520007e+02 4.407587e+00 7.824937e+03
2.047272e+00 1.791784e+02 8.068669e-01 4.577192e+03
9.355825e+00 4.483802e+02 5.921097e+00 5.268951e+03
5.180912e+00 4.287465e+02 8.367079e+00 2.128709e+03
6.566696e+00 2.641980e+02 3.379916e-01 3.958869e+04
7.616465e+00 2.143497e+02 4.421427e+00 5.745335e+03
8.477141e+00 3.599735e+02 1.207391e+00 2.357305e+04
6.285303e+00 1.635333e+02 5.732772e-01 1.469231e+04
3.292243e+00 2.390086e+02 7.344137e+00 1.832574e+03
4.989190e+00 4.251970e+02 2.800924e+00 8.138450e+03
4.625184e+00 1.545671e+02 2.505538e+00 1.392564e+03
4.559302e+00 3.721107e+02 8.498399e+00 -1.368968e+02
2.704106e+00 3.193536e+02 7.185646e+00 8.645342e+02
9.026378e+00 2.899515e+02 4.263933e+00 4.865182e+03
5.199193e+00 3.105717e+02 7.644486e+00 1.764430e+03
6.722191e+00 1.343355e+02 8.421331e+00 3.448470e+03
5.789143e+00 4.167630e+02 7.774886e+00 2.413390e+03
1.105263e+00 4.498547e+02 9.754995e+00 1.390571e+03
1.933767e+00 2.138158e+02 9.722966e-01 3.696187e+03
5.890650e+00 1.355737e+02 5.030171e+00 3.748023e+02
9.144802e+00 3.559742e+02 9.876360e+00 1.000455e+03
3.097189e+00 3.749369e+02 8.172899e+00 2.840475e+03
8.150915e+00 1.792125e+02 1.453529e+00 5.623538e+03
4.613342e+00 4.544751e+02 2.890432e+00 8.940862e+03
3.986069e+00 3.916646e+02 6.658672e+00 4.329625e+03
6.967012e+00 4.232668e+02 3.275209e+00 8.031247e+03
4.160850e+00 4.941900e+02 3.360511e+00 6.286273e+03
3.899060e+00 4.633186e+02 2.212237e+00 4.864008e+03
3.920588e+00 1.699715e+02 6.919210e+00 -1.265281e+03
2.757284e-01 3.564903e+02 8.671907e+00 -2.713240e+03
7.552670e+00 4.651189e+02 4.199084e+00 7.801686e+03
1.720315e+00 4.531379e+02 4.491744e+00 2.054265e+03
9.843133e+00 3.924232e+02 6.384570e+00 6.084055e+03
5.900666e+00 3.472431e+02 3.572307e+00 6.260314e+03
4.222137e+00 2.374748e+02 2.463031e+00 4.098669e+03
3.310568e+00 1.629794e+02 2.742908e+00 1.378098e+03
2.059539e+00 2.876805e+02 8.967858e+00 1.378303e+02
1.112288e+00 4.505178e+02 8.264037e+00 -1.093534e+03
6.258846e+00 3.256675e+02 3.672729e+00 6.120747e+03
6.275188e+00 4.903799e+02 4.028296e+00 6.376151e+03
6.423099e+00 2.903759e+02 8.967314e+00 2.283973e+03
5.335044e+00 4.276063e+02 3.346309e+00 8.478768e+03
3.677290e+00 2.507103e+02 5.759036e+00 -7.175089e+02
5.379494e+00 2.592804e+02 1.421584e+00 7.776336e+03
6.657940e+00 2.063697e+02 3.711687e+00 3.588743e+03
2.364394e+00 4.772953e+02 3.651778e+00 3.305886e+03
4.184525e+00 4.822122e+02 9.854841e+00 3.618200e+03
7.581847e+00 4.546576e+02 2.827284e+00 9.114956e+03
6.123674e+00 2.137935e+02 3.702885e+00 3.879189e+03
4.019002e+00 1.926799e+02 6.529442e+00 2.376977e+03
1.825361e+00 4.090211e+02 8.671420e+00 1.242349e+03
5.252375e+00 1.390652e+02 4.211722e+00 2.337605e+03
8.617189e+00 1.867851e+02 1.387818e+00 8.875216e+03
2.860525e-01 1.468984e+02 5.622266e+00 9.383387e+02
6.608995e+00 3.219996e+02 1.985098e+00 8.411409e+03
9.328820e+00 1.147436e+02 4.333956e+00 5.201127e+03
7.871827e+00 2.949476e+02 5.203877e+00 2.102503e+03
8.853703e+00 4.768138e+02 2.434113e+00 1.466801e+04
9.618953e+00 4.734861e+02 6.698618e+00 4.605934e+03
7.332172e+00 1.444105e+02 7.052467e+00 2.500408e+03
3.485255e+00 4.396586e+02 9.690120e+00 4.621121e+03
2.334713e+00 1.832831e+02 5.141639e+00 1.640958e+03
1.221115e+00 3.194783e+02 8.964702e+00 -1.082776e+03
6.199140e+00 1.915333e+02 4.744710e+00 1.258001e+03
5.384472e+00 3.107936e+02 8.525652e+00 9.208771e+02
2.306709e+00 2.329476e+02 3.099174e+00 3.955017e+03
4.371583e+00 1.754456e+02 8.114404e-01 1.030888e+04
7.574366e+00 2.180537e+02 4.521506e+00 2.028092e+03
5.887587e-01 4.664733e+02 9.577775e+00 2.618283e+02
4.664700e+00 4.633038e+02 9.689596e-01 2.074888e+04
1.551374e+00 4.065901e+02 2.947006e+00 3.147099e+03
8.552242e+00 1.471350e+02 8.399503e+00 1.578621e+03
3.911576e+00 4.125077e+02 5.671247e+00 1.205506e+03
3.904359e+00 4.328998e+02 5.976903e+00 1.255151e+03
1.531812e+00 1.495217e+02 7.335650e+00 -1.699533e+02
6.171377e+00 2.025947e+02 1.274184e+00 7.168590e+03
3.467387e+00 1.691880e+02 2.989797e+00 2.950141e+03
7.113126e+00 3.220504e+02 8.963648e+00 2.954152e+03
7.519143e+00 2.191099e+02 4.858495e+00 3.378677e+03
5.415542e+00 4.180694e+02 4.588908e-01 4.251947e+04
6.448522e+00 2.141058e+02 3.945761e+00 3.350216e+03
4.079475e+00 3.180808e+02 1.542609e+00 1.026457e+04
4.796114e+00 2.054735e+02 4.005132e+00 5.172948e+03
4.564102e+00 1.792321e+02 6.078825e+00 1.361803e+03
1.906001e-01 3.297683e+02 1.970301e+00 -6.248494e+01
6.358327e+00 1.586419e+02 7.131920e+00 -6.357950e+02
3.788035e+00 3.141373e+02 1.628688e+00 7.734423e+03
1.306177e-01 4.382494e+02 4.725707e+00 5.282582e+02
2.651987e+00 1.157062e+02 9.392698e+00 -1.776249e+02
4.312844e-01 4.929218e+02 7.945291e+00 1.725067e+03
1.739876e+00 3.615717e+02 7.734295e+00 -7.326914e+02
5.319291e+00 3.497110e+02 8.192038e-01 1.747973e+04
7.159150e+00 3.450920e+02 9.246691e+00 4.236841e+03
5.096367e+00 4.978591e+02 2.829126e+00 7.504391e+03
6.417032e+00 4.326244e+02 5.465475e+00 6.325934e+03
6.416105e+00 1.007660e+02 4.953883e+00 1.306520e+03
2.919238e+00 4.939544e+02 9.022647e+00 -1.052924e+03
2.029865e+00 4.262262e+02 6.044611e+00 1.163255e+03
8.824781e-01 4.754539e+02 6.531865e+00 2.356614e+02
9.869471e+00 2.531316e+02 2.560792e+00 7.438142e+03
2.902529e+00 4.260295e+02 1.298955e+00 8.188632e+03
7.593978e+00 1.922381e+02 9.224782e+00 8.012840e+02
6.911818e+00 2.294859e+02 6.165655e+00 -2.517607e+02
1.795084e+00 1.816722e+02 3.737740e+00 -1.706974e+03
9.781896e+00 2.579577e+02 8.336038e+00 1.937862e+03
1.113413e+00 4.386226e+02 3.183946e+00 -8.361851e+02
2.560579e+00 3.137497e+02 3.635258e+00 4.376176e+03
7.057959e+00 1.355415e+02 1.919637e+00 5.279959e+03
6.733409e+00 1.960330e+02 8.382238e+00 1.488368e+02
5.353062e+00 4.395977e+02 2.577442e+00 8.211043e+03
7.754728e+00 1.619532e+02 8.479816e+00 5.718823e+02
5.639030e+00 3.205756e+02 9.128553e+00 2.025858e+03
2.287061e+00 1.784087e+02 8.706764e+00 -1.596771e+03
5.608731e+00 1.834234e+02 2.618963e+00 2.528737e+03
5.852010e-01 4.900056e+02 9.008251e+00 7.689795e+02
5.505872e+00 4.637223e+02 4.369572e+00 5.497907e+03
8.102925e+00 1.537753e+02 9.409656e+00 2.652335e+03
6.831301e+00 2.480366e+02 6.602622e+00 -1.286130e+02
5.540610e+00 2.436933e+02 4.242436e+00 2.738187e+03
2.321135e+00 2.590403e+02 2.438106e+00 1.829138e+03
5.318027e-01 3.443441e+02 5.646751e+00 6.583774e+02
9.689012e+00 1.331590e+02 2.870868e+00 2.046165e+03
8.981002e+00 1.711027e+02 8.763129e-01 1.387995e+04
3.624567e+00 2.986497e+02 5.952922e+00 3.006147e+03
4.582643e+00 1.885643e+02 8.628344e-01 1.005281e+04
5.599640e+00 1.497766e+02 6.977085e+00 2.457507e+03
9.476577e-01 2.434234e+02 7.444921e+00 1.087908e+03
1.119589e+00 2.512336e+02 8.435479e+00 -3.608042e+02
8.966424e+00 1.796697e+02 8.582137e+00 6.575171e+02
5.605605e+00 4.612756e+02 3.759980e+00 6.179405e+03
5.653802e+00 4.390039e+02 7.527773e+00 2.881162e+03
1.812832e+00 2.511292e+02 5.624972e-01 5.251006e+03
3.061291e+00 1.689965e+02 7.274511e-01 6.537210e+03
5.427983e+00 4.533741e+02 3.267106e+00 5.946576e+03
9.280658e+00 1.402798e+02 5.888260e+00 2.184846e+03
4.766836e-01 2.570453e+02 3.703647e+00 -1.908481e+02
6.191758e+00 2.321911e+02 5.096885e+00 9.549206e+02
3.766940e+00 2.151130e+02 8.397644e+00 3.420204e+03
7.694608e+00 1.565088e+02 5.601098e+00 2.331652e+03
1.061076e+00 3.069987e+02 9.066548e+00 1.731301e+03
5.529160e+00 2.948108e+02 9.056856e+00 3.737713e+03
3.904709e+00 3.401431e+02 6.287413e+00 1.529912e+03
9.642212e+00 3.814715e+02 4.180669e+00 6.550020e+03
8.408349e+00 3.070427e+02 7.646200e+00 3.419314e+03
5.318382e+00 2.349045e+02 3.814270e+00 3.602193e+03
1.483935e+00 2.254444e+02 5.327446e-01 5.763500e+03
2.719204e-01 3.471015e+02 6.495282e+00 1.556571e+03
8.682197e+00 3.081392e+02 1.961968e+00 1.138793e+04
7.086290e+00 4.324153e+02 8.409330e+00 3.607501e+03
4.782644e+00 3.735400e+02 9.692840e+00 1.352401e+03
7.965491e+00 1.337328e+02 3.024890e+00 4.430847e+03
8.190765e+00 4.800198e+02 7.764142e+00 4.207557e+03
7.907694e+00 3.370134e+02 7.372753e-01 2.782395e+04
1.459869e+00 1.587664e+02 3.478308e+00 7.372877e+02
4.027770e+00 2.175768e+02 2.417227e-01 3.122337e+04
3.899687e+00 3.142234e+02 4.291267e-01 2.336268e+04
6.987373e-01 1.719788e+02 6.154864e+00 3.125602e+03
5.241204e+00 2.598723e+02 6.963255e+00 3.677073e+03
5.850140e+00 3.447455e+02 3.795207e-01 4.352527e+04
6.024241e+00 3.745532e+02 6.493898e+00 4.474276e+03
2.739432e+00 3.023221e+02 3.333474e+00 1.283018e+03
1.306887e+00 1.756201e+02 8.615101e+00 7.912536e+01
9.815557e+00 2.443435e+02 2.905698e+00 7.629788e+03
6.736904e+00 4.622401e+02 4.657961e+00 4.188207e+03
6.657345e+00 1.496171e+02 3.209008e+00 4.814569e+02
6.241890e+00 4.718237e+02 8.669440e+00 2.353116e+03
1.376496e+00 3.829336e+02 6.315449e+00 6.664198e+02
9.161256e+00 4.602835e+02 8.795141e+00 6.087801e+03
3.014848e+00 3.344145e+02 1.467720e+00 6.928881e+03
2.271038e+00 1.345167e+02 3.313493e+00 -2.314498e+03
7.806761e+00 3.780298e+02 2.440014e+00 1.120464e+04
3.577328e+00 2.704408e+02 1.064028e+00 7.042881e+03
2.881601e-01 2.134752e+02 9.207024e+00 -2.247991e+02
8.232128e+00 2.864852e+02 9.883495e-01 2.192346e+04
5.112980e+00 3.563458e+02 2.815919e+00 6.514754e+03
9.672294e-01 2.618596e+02 1.734330e+00 2.351388e+03
3.101785e+00 3.993967e+02 3.172198e+00 3.537591e+03
7.734223e+00 2.762781e+02 2.940844e+00 5.870236e+03
9.230382e+00 4.621199e+02 5.365875e+00 7.372830e+03
8.140180e+00 3.528196e+02 3.316023e+00 7.393503e+03
9.200302e+00 2.846592e+02 3.279986e+00 4.670842e+03
2.244290e+00 2.931878e+02 5.590994e+00 1.131976e+03
9.645694e+00 1.052078e+02 2.559658e+00 2.346248e+03
6.726225e+00 1.039023e+02 5.815126e+00 1.474918e+03
4.578746e+00 4.381287e+02 4.110629e+00 9.421062e+02
8.925835e+00 2.087077e+02 2.810277e+00 4.650005e+03
4.236001e-01 4.973879e+02 5.928136e+00 2.177632e+02
2.719693e+00 4.805498e+02 8.666963e+00 8.636100e+02
3.115352e+00 1.168520e+02 3.463898e+00 -9.323294e+02
9.590832e+00 1.144795e+02 7.771706e+00 2.048459e+03
3.100533e-01 3.156973e+02 3.298627e+00 -1.306585e+03
1.186295e+00 1.196761e+02 9.712995e+00 1.039163e+03
4.678909e+00 4.102984e+02 2.403147e+00 6.836941e+03
5.130335e+00 1.209522e+02 4.018109e+00 5.431576e+02
7.305802e+00 3.721195e+02 2.764806e+00 9.008608e+03
2.931040e+00 2.899808e+02 7.454922e+00 4.109103e+03
5.385825e-01 1.095315e+02 3.945948e+00 -8.139597e+02
5.366256e+00 4.213843e+02 4.712041e+00 2.741894e+03
1.621570e+00 2.306151e+02 4.528845e+00 -1.003909e+03
3.656796e+00 4.042654e+02 1.315216e+00 9.562985e+03
7.016400e+00 3.881343e+02 2.356030e+00 9.809139e+03
3.815252e-01 3.838354e+02 5.421483e-01 3.263712e+03
7.099530e+00 3.400900e+02 9.178444e-01 2.410438e+04
7.199325e+00 3.368256e+02 9.613170e+00 2.030286e+03
5.794257e+00 3.643883e+02 7.755624e+00 1.730171e+03
3.045170e+00 3.301514e+02 6.265423e+00 -4.473191e+02
8.455178e+00 2.495814e+02 1.885360e+00 7.633082e+03
3.629121e+00 1.597992e+02 7.611923e+00 1.031641e+03
3.014304e+00 2.356639e+02 4.047896e+00 3.462161e+03
8.970483e+00 3.748939e+02 4.058369e+00 7.675488e+03
8.655454e+00 1.658631e+02 7.886392e-01 1.395876e+04
3.337434e+00 4.812613e+02 1.975476e+00 7.230254e+03
4.400312e+00 2.345250e+02 6.612543e+00 -7.342466e+02
9.297726e+00 2.583798e+02 5.786121e+00 1.766438e+03
4.024793e+00 2.583973e+02 4.497207e+00 -5.204135e+02
6.771391e+00 2.650260e+02 7.277161e+00 4.305152e+03
1.358454e+00 4.081222e+02 7.959834e+00 -1.048535e+03
2.477326e+00 2.024122e+02 6.383048e+00 6.045232e+02
7.077852e+00 4.984505e+02 4.813946e+00 6.915057e+03
2.035709e+00 4.197782e+02 6.420445e+00 1.334448e+03
5.983428e+00 4.920584e+02 2.814695e+00 1.189262e+04
7.489751e+00 4.168323e+02 3.459584e+00 6.768785e+03
4.490049e+00 3.138362e+02 7.082474e+00 4.138067e+03
3.057494e+00 2.778324e+02 1.641608e+00 4.487140e+03
5.143767e+00 2.102003e+02 7.080695e+00 1.667381e+03
9.299297e+00 1.348047e+02 3.404376e+00 3.262297e+02
2.778771e+00 1.327948e+02 3.218904e+00 -8.555967e+02
4.478121e-01 1.319305e+02 4.728190e+00 1.273677e+03
7.081902e-01 2.657660e+02 7.021187e+00 1.297727e+03
5.094227e+00 3.833020e+02 1.635930e+00 8.057391e+03
1.304748e+00 2.005074e+02 9.428253e+00 -2.142065e+03
1.809437e+00 4.656844e+02 4.060622e+00 2.971478e+03
8.175413e+00 2.260265e+02 5.211126e+00 3.986777e+03
1.242906e+00 3.051093e+02 8.357602e+00 -1.085218e+03
2.428384e+00 3.179037e+02 1.683672e+00 1.958468e+03
9.043667e+00 3.150520e+02 8.348920e+00 2.508898e+03
2.597777e+00 2.075848e+02 5.839043e+00 -2.896996e+03
4.149300e+00 1.835781e+02 5.699752e+00 9.824241e+02
7.455400e+00 1.429254e+02 4.640554e+00 2.343748e+03
4.432409e+00 2.692437e+02 6.029438e+00 1.175155e+03
9.840433e+00 2.464192e+02 7.401000e+00 3.676687e+03
5.186189e-01 3.448276e+02 3.176128e+00 -1.091449e+02
6.532341e+00 1.837488e+02 4.011686e+00 3.466682e+03
2.833787e+00 3.348991e+02 4.757338e+00 2.791672e+03
8.482567e+00 3.594052e+02 7.506584e+00 4.733813e+03
7.712914e+00 1.665862e+02 8.467278e+00 1.676598e+03
9.187039e+00 2.927619e+02 7.329375e+00 2.237326e+03
5.317777e+00 2.551653e+02 3.355279e+00 5.321787e+03
2.216349e+00 1.925392e+02 6.502103e+00 2.395188e+03
1.305858e+00 3.825836e+02 1.487645e+00 4.562884e+03
1.106608e+00 2.237637e+02 2.854552e+00 -1.752206e+03
3.755960e+00 4.980331e+02 1.014397e+00 1.229419e+04
4.134023e+00 1.878157e+02 3.758926e+00 3.259720e+03
3.188925e+00 1.894735e+02 2.419004e+00 2.470986e+03
8.806551e+00 4.633122e+02 2.695807e+00 1.228698e+04
2.580543e+00 3.672392e+02 2.308017e+00 2.853879e+03
6.021991e+00 3.513442e+02 4.127852e+00 3.232342e+03
5.474797e+00 4.443259e+02 5.106191e+00 6.245912e+03
4.868883e+00 2.227585e+02 6.484453e+00 1.972711e+03
9.766856e+00 4.823964e+02 6.543815e+00 6.863663e+03
1.442983e+00 1.979869e+02 9.956598e+00 -3.980425e+02
1.673627e+00 3.710271e+02 2.553472e-01 2.029401e+04
7.833256e-01 4.335356e+02 3.062510e+00 -5.759399e+02
7.321246e+00 4.938755e+02 1.472660e+00 2.144202e+04
7.202673e+00 4.075977e+02 3.442336e+00 8.374096e+03
3.702723e+00 1.901303e+02 1.986295e+00 1.089494e+03
5.773919e+00 4.678673e+02 6.526127e-01 3.555456e+04
8.862133e+00 1.068291e+02 9.789078e+00 6.933745e+02
8.183301e+00 1.689855e+02 2.456846e+00 5.422316e+03
5.846975e+00 3.327890e+02 9.437028e+00 1.296518e+03
1.563396e+00 1.218789e+02 8.082984e+00 1.555904e+03
2.876985e+00 3.332193e+02 3.095574e+00 1.465796e+03
2.190626e+00 3.518318e+02 4.538538e+00 -1.619346e+03
9.292264e+00 1.815176e+02 2.255057e+00 4.828560e+03
3.019063e+00 4.389923e+02 7.907997e+00 9.167175e+01
3.797139e+00 4.815150e+02 5.042442e+00 4.173021e+03
1.790190e+00 2.604486e+02 2.628941e+00 2.890539e+03
4.911222e+00 3.513206e+02 9.200196e+00 1.400642e+03
6.570772e+00 4.699737e+02 7.113240e+00 1.552219e+03
1.319764e+00 1.362524e+02 4.292640e+00 -1.446925e+02
8.242020e+00 4.720329e+02 1.362185e+00 2.332939e+04
1.897304e+00 3.587592e+02 5.623079e+00 -1.442193e+03
6.119906e+00 1.294011e+02 7.431026e+00 1.156614e+03
6.228607e+00 3.829158e+02 5.716934e-01 3.540574e+04
9.061778e+00 3.864855e+02 2.934848e+00 1.019117e+04
8.035693e+00 4.764291e+02 7.106371e+00 3.936261e+03
6.023841e+00 3.826963e+02 3.885104e+00 5.431998e+03
8.168434e+00 3.178557e+02 7.946460e+00 4.278231e+03
3.636969e+00 4.906864e+02 9.557426e+00 3.100486e+02
4.347606e+00 3.846404e+02 8.044689e-01 1.762643e+04
5.588698e-01 2.938368e+02 5.289014e+00 3.222005e+02
1.548888e+00 3.189802e+02 3.176027e+00 -9.110577e+02
8.901930e+00 1.335929e+02 2.726990e-01 3.632551e+04
8.096620e+00 3.564050e+02 7.985131e+00 2.116157e+03
6.173015e+00 3.119288e+02 4.822567e+00 4.222765e+03
3.445247e+00 4.746367e+02 9.633454e+00 -1.198228e+03
2.892308e+00 3.728443e+02 3.571577e+00 5.288606e+03
8.997021e+00 3.593886e+02 2.189721e+00 1.110708e+04
9.507494e+00 3.033380e+02 9.132439e+00 1.984824e+03
1.541506e+00 2.274087e+02 4.675387e+00 2.498860e+03
8.001608e+00 1.571528e+02 9.270806e+00 1.612816e+03
3.003183e+00 4.967517e+02 2.111782e+00 5.086702e+03
8.363689e+00 4.820520e+02 7.240635e+00 4.705507e+03
1.997694e-01 1.908486e+02 4.699151e+00 -1.259600e+03
3.487423e+00 4.143526e+02 6.312870e+00 1.894381e+03
2.610446e+00 1.342916e+02 2.099863e+00 2.254918e+03
5.598196e-01 1.353652e+02 6.310256e+00 1.278374e+03
5.786830e+00 1.405755e+02 3.489311e+00 2.264642e+03
3.003965e+00 3.339570e+02 5.802810e+00 5.826692e+02
4.266012e+00 4.578986e+02 6.735823e+00 4.977925e+03
8.731736e-01 1.011158e+02 7.391593e+00 1.368813e+03
3.345556e+00 4.067313e+02 4.851365e-01 2.574928e+04
2.853775e+00 3.294345e+02 9.813283e+00 1.225685e+03
3.722934e+00 4.810304e+02 1.232418e+00 1.253190e+04
1.309142e+00 2.512858e+02 6.958899e+00 2.604558e+03
5.878752e+00 1.360812e+02 3.987459e+00 8.645328e+02
9.943573e+00 2.974030e+02 6.153936e+00 4.985912e+03
6.930145e+00 4.522291e+02 7.652827e+00 5.140995e+03
2.363874e+00 2.223695e+02 4.371906e+00 -1.597759e+03
3.020822e+00 1.493989e+02 9.381267e+00 1.616344e+02
9.538767e+00 2.146718e+02 9.893795e+00 3.071499e+03
2.205844e+00 4.025815e+02 4.884488e+00 7.751913e+02
3.784067e+00 2.669007e+02 8.135285e+00 3.035295e+03
9.571867e+00 3.054805e+02 2.935483e+00 9.947478e+03
5.288971e+00 3.183463e+02 3.438184e+00 3.041721e+03
3.142313e-01 3.011161e+02 8.402590e+00 2.113950e+03
5.606369e+00 1.240960e+02 9.244733e+00 -1.065398e+03
9.878246e+00 2.669186e+02 4.281463e+00 2.925246e+03
5.142355e+00 1.593253e+02 8.270148e+00 2.010311e+03
2.757134e+00 1.986046e+02 8.080610e+00 -1.781383e+03
4.307270e+00 1.881054e+02 2.593501e+00 3.099477e+03
6.150971e+00 4.135354e+02 4.848668e+00 4.189960e+03
5.887086e+00 3.141405e+02 9.625777e+00 1.773640e+03
5.271279e+00 4.648961e+02 4.619921e+00 3.473419e+03
2.630822e+00 1.748170e+02 9.202279e+00 2.238761e+03
3.307302e-01 4.351971e+02 4.625342e+00 1.124385e+01
5.762208e+00 1.735105e+02 1.113140e+00 9.022776e+03
4.143343e+00 4.779933e+02 6.875702e+00 4.449775e+02
6.799151e+00 2.787156e+02 1.373367e+00 1.328244e+04
8.625298e+00 3.803095e+02 3.943505e+00 8.075484e+03
7.163132e+00 2.302338e+02 6.755039e+00 2.542998e+03
7.624996e+00 3.799588e+02 8.165498e+00 3.411124e+03
2.023677e+00 1.285187e+02 4.005359e+00 1.984234e+03
1.047301e+00 2.255623e+02 4.516850e-01 4.082771e+03
8.368403e+00 2.800605e+02 3.444436e-01 5.628713e+04
8.417710e+00 3.757774e+02 3.322353e+00 6.574601e+03
3.287407e+00 2.920604e+02 1.541590e+00 4.313705e+03
7.965619e-01 3.696031e+02 1.269706e+00 1.539064e+03
8.978363e+00 4.700499e+02 7.885603e+00 6.621152e+03
4.040033e+00 4.949517e+02 5.384605e+00 3.332695e+03
6.878475e+00 2.093520e+02 5.855215e+00 4.285490e+03
4.767981e+00 4.160448e+02 9.407050e+00 1.506366e+03
5.245443e+00 3.009636e+02 4.265321e+00 4.668521e+03
6.562496e+00 2.731684e+02 8.516797e+00 9.813822e+02
6.529482e+00 1.756638e+02 7.147346e-01 1.582928e+04
2.969638e+00 1.616343e+02 5.601284e+00 4.409815e+02
9.450854e+00 4.328263e+02 8.447155e+00 3.920261e+03
4.549380e+00 1.442439e+02 2.739376e+00 1.447118e+03
1.002399e+00 1.209229e+02 9.268945e+00 5.759958e+02
3.101933e+00 4.695007e+02 9.952155e+00 2.112976e+03
7.815256e+00 3.172828e+02 2.667647e+00 6.405997e+03
3.802985e+00 3.138225e+02 4.984301e+00 -1.035599e+03
4.598278e+00 3.213216e+02 2.860691e+00 2.964605e+03
2.156865e-01 3.423229e+02 2.972787e+00 -1.508746e+03
4.568330e+00 4.387106e+02 1.360415e+00 1.312610e+04
4.305724e+00 3.459446e+02 2.846560e-01 4.232863e+04
1.462141e+00 1.664391e+02 6.105115e-01 2.605751e+03
8.883910e-01 1.264031e+02 9.064477e+00 -4.253162e+02
2.579552e-01 2.942861e+02 1.207167e+00 1.771430e+03
9.275332e+00 2.757166e+02 6.517943e+00 3.486075e+03
2.623133e-01 2.494312e+02 7.979499e+00 -1.855664e+03
2.676730e+00 2.342214e+02 9.695423e+00 3.689217e+03
1.323876e-01 4.148144e+02 8.485616e+00 -1.348654e+03
2.519715e-01 2.168651e+02 9.047591e+00 1.148847e+03
3.481139e+00 3.396516e+02 2.638416e+00 2.697289e+03
1.995950e+00 1.469810e+02 1.534752e+00 -1.073813e+02
7.858768e+00 4.154165e+02 8.928543e+00 4.420593e+03
8.158586e+00 3.725187e+02 6.699918e+00 2.923797e+03
2.856028e+00 3.955328e+02 2.935933e+00 3.754279e+03
7.835403e+00 2.934153e+02 1.047977e+00 1.870689e+04
6.397924e+00 3.983552e+02 3.642929e+00 5.975865e+03
9.773076e+00 4.799461e+02 7.969409e+00 1.579605e+03
2.286531e+00 4.154593e+02 2.409888e+00 3.650974e+03
9.319958e+00 3.726928e+02 9.146665e+00 3.414303e+03
2.721359e+00 3.715244e+02 1.327122e+00 5.840998e+03
5.157438e+00 3.714248e+02 7.438297e+00 2.709347e+03
9.988651e+00 2.354039e+02 2.901345e+00 6.855317e+03
2.433709e+00 2.152256e+02 4.406405e+00 2.109844e+03
8.348038e+00 3.732268e+02 2.632281e+00 1.056194e+04
3.118568e+00 1.996443e+02 3.641530e+00 3.845372e+03
6.940399e+00 3.167753e+02 8.478661e+00 3.483914e+03
8.512469e+00 2.551418e+02 9.155625e+00 3.584995e+03
6.168512e+00 2.631029e+02 3.047644e+00 3.646541e+03
2.096932e+00 4.548864e+02 2.736244e-01 2.940075e+04
6.274619e+00 4.951406e+02 6.735494e+00 2.726333e+03
1.220751e+00 4.819273e+02 4.515141e-01 1.018179e+04
2.815387e+00 4.273675e+02 5.676767e+00 2.645684e+03
6.759538e+00 4.129876e+02 7.269993e+00 4.734959e+03
3.354203e+00 1.998360e+02 8.849482e+00 9.237272e+02
6.579704e+00 4.935768e+02 8.200096e+00 4.238417e+03
3.380158e+00 4.566612e+02 8.073162e+00 3.344283e+03
4.611432e+00 4.378545e+02 6.381116e+00 1.729789e+03
1.979496e+00 1.758461e+02 2.622154e+00 1.510796e+03
1.658536e+00 1.961738e+02 4.250726e+00 2.258636e+03
9.932928e+00 1.117692e+02 2.714366e+00 4.112578e+03
5.861248e+00 2.986161e+02 5.889478e+00 2.533076e+03
7.559009e+00 4.743732e+02 1.893484e+00 1.471496e+04
4.588982e+00 3.257446e+02 7.816795e+00 3.281830e+03
7.354700e+00 1.233559e+02 2.652767e+00 5.109509e+03
8.605488e-01 2.204783e+02 8.719593e+00 1.496382e+02
9.051485e+00 2.528150e+02 5.370298e+00 2.603466e+03
7.000643e+00 2.483632e+02 9.719896e+00 2.244558e+03
6.761441e+00 2.316239e+02 3.133001e+00 2.278911e+03
9.771132e-01 1.081628e+02 1.471742e+00 -7.504704e+01
3.830375e+00 4.345740e+02 1.747795e+00 7.196211e+03
4.165250e+00 3.558243e+02 5.947039e+00 1.221120e+03
7.127698e-01 1.868068e+02 2.507822e+00 6.802705e+02
1.603920e+00 2.552712e+02 4.020633e+00 1.852858e+03
2.000726e+00 3.810980e+02 6.040987e+00 6.845894e+02
7.575800e+00 2.640440e+02 8.633583e+00 2.765495e+03
1.481847e+00 1.931484e+02 6.005616e+00 1.968963e+03
2.200064e+00 3.462686e+02 1.089365e+00 4.639108e+03
1.676198e+00 4.670152e+02 5.861707e+00 2.302177e+02
1.489294e+00 2.704739e+02 7.215710e+00 1.600250e+03
1.080051e+00 2.907715e+02 4.559763e+00 1.624479e+03
3.227760e+00 4.453195e+02 7.208466e+00 2.945995e+03
9.638940e+00 4.058259e+02 1.344600e+00 2.410127e+04
2.842855e+00 1.238342e+02 9.477280e+00 2.780489e+03
5.007795e+00 1.660461e+02 6.109741e+00 5.116681e+02
2.108716e+00 1.271782e+02 1.471730e+00 5.493814e+02
4.197897e+00 4.058154e+02 5.101615e-01 2.857836e+04
6.935354e+00 3.733264e+02 8.454713e+00 2.477762e+03
3.312080e+00 4.683487e+02 8.927119e+00 8.344404e+01
9.510804e+00 1.318062e+02 3.072779e+00 2.988576e+03
8.476090e+00 1.445314e+02 8.615897e+00 1.704613e+03
4.326142e+00 3.971709e+02 3.168628e+00 3.160486e+03
9.186958e-01 3.503225e+02 7.141989e+00 -1.279132e+02
7.976269e+00 2.935057e+02 5.691455e+00 3.044182e+03
6.722092e+00 2.197646e+02 6.454857e+00 2.107277e+03
2.540687e+00 2.022906e+02 5.964309e+00 4.191551e+02
5.319193e+00 3.298202e+02 5.034050e-01 3.069409e+04
8.782946e+00 3.633813e+02 1.856514e+00 1.462130e+04
9.898076e+00 2.455726e+02 1.027298e+00 1.958223e+04
5.033621e+00 4.029537e+02 1.010231e+00 1.428850e+04
9.992416e+00 2.995142e+02 4.233787e+00 4.964925e+03
4.353981e+00 1.263866e+02 1.396990e+00 6.201066e+03
4.797534e+00 1.205745e+02 9.992116e+00 1.605463e+02
9.963373e+00 2.860383e+02 2.747196e-01 8.325913e+04
4.587107e+00 4.237817e+02 3.521024e+00 5.023184e+03
7.082715e+00 3.639798e+02 8.582467e+00 2.207662e+02
9.669192e+00 1.941193e+02 5.487351e+00 3.814018e+03
9.186758e+00 2.048011e+02 8.854108e+00 -5.869502e+02
3.397009e+00 4.377889e+02 7.940746e+00 2.720679e+03
5.728869e+00 4.066925e+02 3.450596e+00 4.101357e+03
3.121273e+00 4.237869e+02 3.435461e+00 1.897216e+03
9.785027e+00 1.367651e+02 7.538941e+00 1.958556e+03
1.615297e+00 2.868345e+02 6.334472e+00 7.608128e+02
2.567208e+00 4.118420e+02 1.380068e+00 3.867423e+03
9.846586e+00 4.155472e+02 7.237675e+00 4.928296e+03
1.035196e+00 3.578765e+02 7.207250e-01 2.858094e+03
6.227268e-01 4.741119e+02 4.342641e+00 -1.648939e+03
5.514151e+00 3.547505e+02 6.037390e+00 2.744999e+03
2.055528e-01 1.564232e+02 7.078288e+00 3.783708e+02
6.555935e+00 3.457071e+02 2.381275e+00 8.671800e+03
5.152982e+00 4.813443e+02 2.246865e+00 8.876910e+03
1.133005e+00 1.237154e+02 5.389187e+00 6.242565e+02
9.624387e+00 3.556255e+02 4.864499e-01 5.990811e+04
8.623062e+00 1.741832e+02 7.954934e+00 1.164765e+03
9.658950e+00 3.898182e+02 7.053638e+00 4.773425e+03
4.006070e+00 1.216780e+02 9.150077e-01 4.050248e+03
8.638601e+00 4.152391e+02 2.415435e+00 1.295956e+04
6.205657e+00 4.214233e+02 9.548284e+00 3.713013e+03
6.383171e+00 4.364249e+02 8.953082e+00 3.995838e+03
8.758178e+00 2.604805e+02 2.177686e+00 8.338474e+03
4.578967e+00 4.493086e+02 4.978435e+00 4.139698e+03
4.193552e+00 1.148717e+02 3.097503e+00 1.579302e+03
6.044328e+00 2.614681e+02 4.645435e+00 4.051632e+03
5.203334e+00 4.076890e+02 2.308054e+00 8.103324e+03
9.692610e+00 4.492621e+02 7.358767e+00 5.850921e+03
9.448034e+00 1.851239e+02 3.333286e+00 5.743033e+03
5.735647e+00 1.842579e+02 2.230211e+00 4.079504e+03
7.123306e+00 3.620705e+02 2.962362e+00 5.424917e+03
6.782208e+00 3.152994e+02 9.874050e+00 -1.716364e+03
4.847402e+00 1.128157e+02 5.794582e+00 2.872625e+03
7.209878e+00 4.605906e+02 8.872873e+00 4.797618e+03
1.142269e+00 1.164822e+02 4.095200e+00 -1.873833e+03
1.478811e+00 4.422812e+02 3.649727e+00 -1.163898e+03
5.797868e+00 2.630928e+02 1.658453e+00 8.258774e+03
4.931339e+00 3.129893e+02 1.332059e-01 9.508129e+04
5.087272e+00 1.987480e+02 8.398240e+00 -1.100860e+03
5.678678e+00 2.233303e+02 1.579841e+00 4.845924e+03
2.577309e+00 2.637780e+02 5.048981e-01 1.168164e+04
7.271990e+00 1.501428e+02 7.876973e+00 -6.011414e+02
6.648991e+00 2.998056e+02 8.614652e-01 2.104015e+04
2.966845e-01 4.850804e+02 3.672441e+00 1.095453e+03
3.844395e+00 4.574975e+02 8.748805e+00 3.057139e+03
5.719325e+00 2.211844e+02 3.365487e+00 3.620384e+03
2.068991e-01 1.769273e+02 1.070561e+00 -1.185247e+03
9.829241e+00 3.519309e+02 4.171458e+00 5.527885e+03
4.292019e+00 2.938013e+02 7.894424e+00 2.171455e+03
9.835151e+00 2.198570e+02 2.414773e+00 9.537933e+03
7.298395e+00 4.349141e+02 5.169269e+00 4.200289e+03
2.299454e+00 3.439766e+02 5.500227e+00 -4.006648e+01
8.745243e+00 3.814696e+02 2.533309e+00 1.228796e+04
8.491812e+00 2.447262e+02 4.629366e+00 2.529945e+03
9.221911e+00 1.284336e+02 6.306231e+00 3.193591e+03
4.830691e+00 2.059036e+02 7.156513e+00 7.592483e+02
6.527722e+00 2.300388e+02 2.904107e+00 4.073151e+03
5.215740e+00 2.936252e+02 7.389789e+00 1.266806e+03
7.982780e-01 2.312301e+02 1.188204e+00 2.690933e+03
5.125261e+00 4.712367e+02 2.246301e+00 8.351229e+03
1.587210e+00 1.278695e+02 5.643751e+00 3.566356e+02
5.746997e+00 2.830569e+02 6.992795e+00 1.077566e+03
7.732314e-01 3.358597e+02 7.173536e+00 1.590073e+03
1.605836e+00 4.043052e+02 4.480140e+00 2.575099e+03
2.592447e+00 4.330352e+02 2.346005e+00 6.178601e+03
8.944033e+00 4.094119e+02 7.334689e+00 6.642313e+03
5.631126e+00 3.989269e+02 6.932926e+00 9.537124e+02
3.736014e+00 1.916233e+02 1.994720e+00 3.136261e+03
9.318791e+00 1.784831e+02 7.424935e-01 1.997863e+04
8.022431e+00 3.680511e+02 4.816277e+00 4.681072e+03
3.751705e+00 3.909795e+02 8.996571e+00 2.425600e+03
7.942837e+00 1.330393e+02 1.239340e+00 5.374879e+03
3.675688e+00 4.072274e+02 2.168451e+00 5.610298e+03
1.929480e+00 3.360817e+02 9.325572e+00 -1.378167e+03
6.990822e+00 2.553185e+02 9.797248e+00 1.538055e+03
7.823633e+00 4.749272e+02 6.626160e+00 4.399740e+03
7.988272e+00 3.193580e+02 5.130525e+00 5.042126e+03
8.765497e+00 3.029180e+02 2.681037e+00 9.639888e+03
5.288739e-01 2.417390e+02 7.659557e-01 6.971672e+02
5.523875e+00 1.909559e+02 5.624021e+00 8.575423e+02
7.914609e+00 2.674072e+02 2.653983e+00 6.642706e+03
2.782153e+00 3.263671e+02 2.569231e+00 3.386789e+03
5.903444e+00 1.873796e+02 2.817883e+00 2.152757e+03
1.261183e+00 2.215997e+02 1.428265e+00 2.547568e+03
4.516255e+00 4.959356e+02 3.668724e+00 6.353991e+03
4.098141e+00 4.505911e+02 4.948626e+00 3.367879e+03
1.778544e+00 3.846904e+02 4.091802e+00 3.285471e+03
6.414926e+00 4.296432e+02 5.633269e+00 6.014114e+03
9.615528e+00 4.676103e+02 6.466332e+00 6.161330e+03
3.438895e+00 3.853723e+02 2.976932e-01 3.679356e+04
3.407643e+00 1.623460e+02 7.573140e+00 1.176693e+03
3.873391e+00 2.221963e+02 8.840037e+00 4.905588e+02
2.904607e+00 1.057922e+02 1.943755e+00 1.436441e+03
3.907041e+00 1.329816e+02 2.791122e+00 1.140409e+03
1.163909e+00 4.060348e+02 8.334463e+00 -7.276075e+02
6.841959e+00 3.815300e+02 4.381944e+00 4.782043e+03
1.368218e+00 3.393761e+02 4.561841e+00 2.347290e+03
7.723973e+00 1.044286e+02 9.869097e+00 -1.016489e+03
2.418016e+00 1.902019e+02 3.503576e+00 5.102355e+02
1.317488e+00 3.690063e+02 3.846786e+00 1.729128e+03
2.260567e+00 3.268370e+02 3.113031e+00 2.351913e+03
2.810585e+00 1.754991e+02 5.330508e+00 -6.679460e+02
5.783017e+00 3.958784e+02 4.240588e+00 3.248044e+03
6.019585e+00 1.067878e+02 7.923764e+00 1.206373e+03
5.778754e+00 4.020107e+02 3.636818e+00 6.876330e+03
7.160443e+00 1.362113e+02 8.410991e+00 -3.451612e+02
1.959796e+00 2.036297e+02 3.671238e+00 1.713406e+03
5.392261e+00 1.983555e+02 8.351879e+00 1.449411e+02
5.356390e+00 4.903763e+02 1.418920e+00 1.560206e+04
5.870677e+00 2.157966e+02 4.194343e+00 4.451921e+03
9.578681e+00 3.108154e+02 5.428097e+00 3.114932e+03
9.376247e+00 1.377917e+02 7.828267e+00 1.287429e+03
7.145443e+00 1.799925e+02 8.053496e+00 -1.051143e+03
6.861499e+00 1.596865e+02 6.648753e+00 4.609738e+02
4.148360e+00 2.752671e+02 6.893865e+00 3.063372e+03
1.243589e+00 4.981748e+02 9.890172e+00 9.824186e+02
7.926195e-01 2.894521e+02 9.852964e+00 -3.273259e+02
9.493138e+00 2.494222e+02 3.869572e+00 6.495649e+03
7.005968e+00 4.609275e+02 9.457220e+00 3.999573e+03
9.560760e+00 4.402566e+02 6.954492e+00 4.228030e+03
3.810671e+00 3.199609e+02 4.747077e+00 3.472791e+03
6.882007e+00 4.518481e+02 2.580435e+00 1.105537e+04
1.859062e+00 4.595940e+02 6.202524e+00 1.334499e+03
7.690348e+00 4.925978e+02 8.081411e+00 1.883068e+03
8.476698e+00 4.875759e+02 5.336486e+00 6.254753e+03
3.084872e+00 4.286692e+02 1.216397e+00 8.175579e+03
4.165144e+00 3.094164e+02 2.383377e+00 3.395643e+03
8.241455e+00 2.594067e+02 8.002025e+00 2.961585e+03
7.546618e-01 1.317254e+02 7.660551e+00 2.650317e+02
9.437732e+00 2.145563e+02 5.476052e+00 2.991083e+03
