# r T
2.192258e+00 4.793741e+00
6.518809e+00 1.747450e+01
3.738765e+00 8.767103e+00
6.089359e+00 1.455988e+01
4.609344e+00 9.622930e+00
8.788682e+00 2.528042e+01
3.832017e+00 7.220079e+00
8.125051e+00 2.437778e+01
7.530149e-01 1.773279e+00
3.543410e+00 5.427644e+00
8.269379e+00 2.332183e+01
3.157496e+00 6.398701e+00
2.320924e+00 3.874255e+00
6.819622e-01 2.472178e+00
1.829488e+00 1.528827e+00
4.939387e+00 8.621146e+00
1.529405e+00 2.883821e+00
1.921332e+00 2.114597e+00
8.859986e+00 2.778326e+01
7.121829e+00 1.749929e+01
3.449022e+00 7.928708e+00
7.317291e+00 2.010501e+01
3.636463e+00 7.209392e+00
9.933973e+00 3.211818e+01
1.830508e+00 1.803415e+00
5.970063e+00 1.431913e+01
6.779631e+00 1.753685e+01
5.406034e+00 1.450069e+01
1.860953e+00 2.608738e+00
2.532440e+00 3.330677e+00
3.119538e+00 4.373371e+00
6.626952e+00 1.892197e+01
4.652285e+00 9.533810e+00
8.743215e+00 2.532300e+01
2.202649e+00 3.167595e+00
8.955885e+00 2.616198e+01
3.784781e+00 9.687122e+00
1.548077e+00 1.760312e+00
8.260008e+00 2.422909e+01
6.382855e+00 1.480432e+01
7.187860e+00 1.967715e+01
9.822024e+00 2.992932e+01
3.251648e+00 5.884514e+00
2.708352e+00 4.522110e+00
4.347569e+00 9.184093e+00
9.593286e+00 3.089300e+01
4.245138e+00 6.762667e+00
5.128903e+00 1.221813e+01
5.299332e+00 1.309004e+01
9.575701e+00 2.980229e+01
7.040919e+00 1.758187e+01
8.787029e+00 2.547751e+01
2.370055e+00 4.228455e+00
2.789013e+00 4.061747e+00
2.430229e+00 2.573103e+00
3.634923e+00 7.533910e+00
8.913067e+00 2.626400e+01
1.952443e+00 2.592318e+00
3.443406e+00 7.085965e+00
6.782207e+00 1.763225e+01
4.647389e+00 1.033860e+01
9.262506e+00 2.724171e+01
2.377443e+00 4.033327e+00
1.866202e+00 2.984276e+00
6.840139e+00 1.771825e+01
8.452820e+00 2.612832e+01
2.754142e-01 -2.669530e+00
3.557324e+00 5.999741e+00
6.730270e+00 1.681088e+01
2.924346e+00 4.300519e+00
9.814215e+00 3.099018e+01
3.213726e+00 5.263991e+00
8.028927e+00 2.269888e+01
1.401078e+00 1.640975e+00
9.323975e+00 2.958587e+01
9.392284e+00 2.833303e+01
4.458747e+00 1.015945e+01
2.125581e+00 3.713330e+00
4.927916e+00 1.012830e+01
8.506950e+00 2.383434e+01
3.525420e+00 6.560366e+00
8.076991e+00 2.239873e+01
7.760691e+00 2.147653e+01
7.193353e+00 1.959129e+01
1.516252e+00 1.791262e+00
9.631008e+00 2.995009e+01
3.129258e+00 5.338996e+00
5.757577e+00 1.457069e+01
2.985938e+00 2.919391e+00
5.798317e+00 1.440970e+01
1.828163e+00 8.550102e-01
8.330267e+00 2.515110e+01
6.166481e+00 1.662710e+01
4.895216e+00 1.041377e+01
8.330592e+00 2.460731e+01
3.502087e+00 7.097301e+00
8.622237e+00 2.493280e+01
3.958445e+00 9.063465e+00
3.156980e+00 4.683116e+00
5.031088e+00 1.041587e+01
5.854806e+00 1.344168e+01
1.266887e+00 1.004484e+00
3.825103e+00 7.759378e+00
1.561728e+00 1.703168e+00
8.231335e+00 2.335713e+01
1.274908e+00 4.861491e-01
9.978894e+00 3.116833e+01
9.717595e+00 3.028818e+01
2.698087e+00 4.344426e+00
8.797545e+00 2.473117e+01
9.159122e+00 2.751826e+01
6.951767e+00 1.899855e+01
9.696285e+00 3.191395e+01
3.089697e+00 5.501778e+00
1.966537e+00 4.246126e+00
4.603231e+00 1.133777e+01
8.189742e+00 2.299236e+01
3.099974e+00 4.680033e+00
9.117501e+00 2.591686e+01
5.376905e-01 2.628412e-01
1.124244e+00 2.847979e-01
9.627229e+00 3.122526e+01
8.420926e+00 2.347450e+01
1.002249e+00 1.218142e+00
8.386675e+00 2.387442e+01
8.925903e+00 2.537489e+01
1.883897e+00 4.502774e+00
6.035325e+00 1.417918e+01
1.148896e+00 2.570580e+00
7.866998e-01 -3.328407e-01
8.319134e+00 2.454480e+01
7.114426e+00 2.003634e+01
7.325145e+00 1.968349e+01
7.136939e+00 2.146223e+01
9.394123e+00 3.085473e+01
4.300386e+00 6.890943e+00
5.392390e+00 1.126686e+01
8.259069e-01 1.911123e+00
5.048031e+00 1.024555e+01
7.708352e+00 2.150750e+01
3.028184e+00 3.827548e+00
5.771009e-01 6.000967e-01
6.530203e-01 9.272767e-01
5.795024e-01 -1.163403e+00
1.587606e+00 3.094766e+00
9.899419e+00 3.329273e+01
7.976831e+00 2.116851e+01
1.499231e+00 7.797599e-01
6.812612e+00 1.637544e+01
8.072074e+00 2.186327e+01
2.021309e+00 1.284895e+00
6.201931e+00 1.543460e+01
2.711874e-01 -2.540764e-01
1.599280e+00 2.272152e+00
9.808752e+00 3.063953e+01
2.928316e+00 7.377038e+00
6.672186e+00 1.737206e+01
9.430904e+00 2.822063e+01
6.370779e+00 1.667625e+01
3.004762e+00 5.378907e+00
1.925040e+00 4.324483e+00
3.131295e-01 7.788045e-01
2.519662e+00 3.674845e+00
3.159412e+00 4.201186e+00
3.791398e+00 9.094824e+00
8.738097e+00 2.683532e+01
7.754986e+00 1.933128e+01
6.064227e-01 -3.442899e-01
8.370629e+00 2.496951e+01
7.689420e+00 2.168210e+01
9.135714e-01 -6.662610e-01
7.008865e+00 2.020673e+01
9.753781e+00 2.992723e+01
2.913357e+00 5.716440e+00
4.400291e+00 9.464689e+00
7.722200e+00 2.289038e+01
9.003223e+00 2.839188e+01
7.181447e+00 2.140568e+01
3.808741e+00 8.740736e+00
8.162152e+00 2.325985e+01
5.783296e-01 8.895804e-01
5.069464e+00 1.206862e+01
5.226872e+00 1.113789e+01
6.190422e+00 1.623735e+01
5.276013e+00 1.214096e+01
2.217967e+00 1.182601e+00
2.830824e+00 3.540196e+00
3.480448e+00 5.794098e+00
5.417775e+00 1.406596e+01
9.224680e+00 2.813674e+01
6.613112e+00 1.799225e+01
1.597053e+00 1.880519e+00
1.396983e+00 2.506898e+00
4.428772e+00 1.098868e+01
5.267306e+00 1.103356e+01
4.400781e+00 8.952638e+00
1.128695e+00 6.088067e-01
2.630827e+00 3.439961e+00
1.119113e+00 1.643069e+00
6.184906e+00 1.503925e+01
9.561902e-01 1.910425e+00
6.395916e-01 7.840848e-01
2.822489e+00 5.434516e+00
9.337908e+00 2.873701e+01
2.087592e-01 8.413740e-01
7.725387e-01 -1.350409e+00
6.457529e+00 1.582789e+01
8.184630e+00 2.448059e+01
2.346245e+00 3.559683e+00
2.674339e+00 3.356193e+00
7.084014e-01 1.135634e-02
1.194430e+00 2.504708e+00
5.741321e+00 1.209874e+01
9.327580e+00 2.796113e+01
9.223268e+00 2.805010e+01
9.344126e+00 2.969892e+01
1.508391e+00 6.385632e-01
3.412070e+00 6.451728e+00
7.959454e+00 2.382255e+01
1.479802e+00 1.197019e+00
6.823031e+00 1.809067e+01
4.161467e+00 8.388384e+00
6.642458e+00 1.715553e+01
9.914082e-01 2.606195e+00
1.260505e-01 -6.042480e-01
3.427025e+00 6.798329e+00
4.549155e+00 1.137488e+01
4.039502e+00 9.549458e+00
7.126056e+00 1.855193e+01
9.293511e+00 2.860031e+01
3.001163e+00 4.085929e+00
7.766270e+00 2.203070e+01
3.046802e+00 6.320485e+00
3.165030e-01 2.702479e-01
6.381243e+00 1.614923e+01
1.323347e-01 4.638690e-01
3.887146e+00 6.883589e+00
4.651065e+00 9.872949e+00
4.465970e+00 1.095549e+01
1.870771e+00 3.025110e+00
7.992587e+00 2.317163e+01
3.339896e+00 6.608948e+00
6.955612e+00 1.798013e+01
1.264355e+00 3.091730e+00
4.619965e-01 -4.532174e-02
3.052728e+00 7.054499e+00
2.232681e+00 3.347906e+00
3.986600e+00 9.327332e+00
2.034532e+00 8.420584e-01
5.471811e+00 1.184219e+01
3.620336e+00 7.172704e+00
6.764077e+00 1.752830e+01
9.427210e+00 2.866618e+01
9.127873e+00 2.761923e+01
4.794514e+00 1.077969e+01
8.714174e+00 2.644276e+01
7.043368e+00 1.935903e+01
4.449277e+00 9.553219e+00
9.233509e+00 2.802192e+01
7.334480e-01 5.506496e-01
2.149184e+00 2.731024e+00
5.305623e+00 1.174526e+01
1.751743e+00 3.498570e+00
9.075889e+00 2.775559e+01
5.807893e-01 2.772983e+00
6.499218e+00 1.767526e+01
8.270072e+00 2.256517e+01
7.723916e+00 2.077612e+01
9.149202e+00 2.642183e+01
4.946972e+00 1.075746e+01
5.399195e+00 1.153339e+01
4.567699e+00 1.052659e+01
6.335501e+00 1.466112e+01
4.485328e+00 8.224906e+00
6.734314e+00 1.553478e+01
8.327384e+00 2.330260e+01
5.114615e+00 1.063468e+01
9.093084e+00 2.904857e+01
6.500311e+00 1.754485e+01
5.623982e+00 1.315199e+01
3.811947e+00 8.490900e+00
8.414700e+00 2.460487e+01
7.294853e+00 2.203225e+01
9.539811e+00 2.968603e+01
8.899294e+00 2.798395e+01
3.564669e-01 5.538447e-02
2.864744e+00 4.174425e+00
3.048494e+00 4.500739e+00
5.025791e+00 1.045867e+01
4.607432e+00 1.045802e+01
1.277455e+00 1.795882e+00
8.059658e+00 2.314386e+01
2.909915e+00 5.634423e+00
2.192218e+00 1.734469e+00
6.441709e+00 1.544595e+01
1.589777e+00 3.152922e+00
7.696549e+00 2.092247e+01
8.269572e+00 2.435355e+01
9.623842e+00 2.887760e+01
1.175225e+00 2.040529e+00
5.160537e+00 1.139880e+01
4.058254e+00 8.599266e+00
8.621467e-01 -4.478096e-01
5.423705e+00 1.214013e+01
4.141079e-01 1.290146e+00
5.857575e+00 1.417136e+01
2.713075e+00 3.896698e+00
4.396422e+00 1.034157e+01
9.704142e-01 1.326644e+00
7.859173e+00 2.292708e+01
1.427614e+00 1.711255e+00
7.404096e-01 1.670692e+00
9.695509e-01 -2.304212e-01
3.198062e+00 4.393149e+00
9.249975e-01 1.601751e+00
4.990653e+00 1.199184e+01
5.621224e+00 1.234028e+01
6.739486e+00 1.775846e+01
6.941739e+00 1.967736e+01
4.165220e+00 8.323057e+00
6.699662e+00 1.645973e+01
9.214224e+00 2.828536e+01
7.005994e+00 1.844221e+01
2.086074e-01 -1.002266e+00
7.464197e+00 1.991239e+01
9.750061e+00 2.966457e+01
1.146093e+00 5.899140e-01
5.982474e+00 1.435226e+01
7.162292e+00 1.869379e+01
9.529753e+00 2.905276e+01
4.753175e+00 1.067400e+01
1.163723e+00 1.556945e+00
9.293611e+00 2.751872e+01
8.514028e+00 2.534760e+01
4.272705e+00 9.460372e+00
9.516241e+00 2.884357e+01
4.351270e+00 8.991518e+00
8.641962e+00 2.392779e+01
6.557545e+00 1.647649e+01
8.267898e-01 1.017067e+00
4.789410e+00 1.066498e+01
6.204427e+00 1.423912e+01
6.408591e+00 1.594503e+01
5.955370e+00 1.589379e+01
3.888294e+00 9.447106e+00
1.531363e+00 3.827287e+00
6.478159e+00 1.612234e+01
2.022069e+00 3.870459e+00
5.996338e+00 1.502439e+01
4.751819e+00 8.497406e+00
5.604749e+00 1.477181e+01
8.748843e+00 2.561571e+01
6.145758e+00 1.519174e+01
2.053066e+00 1.586402e+00
8.188100e+00 2.428908e+01
9.165512e+00 2.691449e+01
1.065820e+00 8.529867e-01
7.283997e+00 1.729367e+01
9.922795e+00 3.123273e+01
3.065470e+00 6.440832e+00
1.536261e+00 3.484121e+00
2.479386e+00 4.729430e+00
3.669204e+00 5.585594e+00
6.227895e+00 1.521109e+01
6.360838e+00 1.580859e+01
5.346417e+00 1.392623e+01
7.596986e+00 2.003280e+01
5.556944e+00 1.284789e+01
1.719379e+00 -6.853883e-02
5.094565e+00 1.233564e+01
9.264113e+00 2.954480e+01
1.239729e+00 9.972701e-01
2.804786e+00 4.604526e+00
6.460568e+00 1.752031e+01
6.176508e+00 1.602414e+01
8.857045e+00 2.583622e+01
8.063564e+00 2.393503e+01
2.392656e+00 4.613198e+00
3.763873e+00 8.134258e+00
2.654873e+00 5.742192e+00
9.833620e+00 3.050713e+01
4.794671e+00 1.001103e+01
9.354698e+00 2.853028e+01
2.983078e+00 4.069731e+00
4.676570e+00 1.016685e+01
3.975853e+00 8.176090e+00
4.760055e+00 1.097085e+01
8.242131e+00 2.408724e+01
2.620794e+00 4.318165e+00
5.320953e+00 1.186962e+01
3.206428e+00 5.561462e+00
3.066932e+00 5.518956e+00
6.544975e+00 1.596784e+01
4.772690e+00 1.054169e+01
6.590588e+00 1.704716e+01
8.767171e+00 2.521951e+01
7.914015e+00 2.219140e+01
7.542941e+00 1.999654e+01
2.419509e+00 2.613850e+00
7.002657e+00 1.799947e+01
3.388671e+00 5.400393e+00
2.026302e+00 3.513445e+00
8.070897e+00 2.373411e+01
8.330762e+00 2.452054e+01
9.602622e+00 2.898173e+01
7.962105e+00 2.201635e+01
1.316995e-01 3.994279e-01
5.514544e+00 1.255394e+01
9.153196e+00 2.728171e+01
5.590064e+00 1.206836e+01
6.213504e+00 1.644938e+01
6.413249e-01 8.884680e-01
1.433315e+00 3.622317e+00
5.849827e+00 1.412209e+01
6.911230e+00 1.829991e+01
6.168288e+00 1.536682e+01
3.674183e+00 6.415999e+00
5.009659e+00 1.099759e+01
7.219706e+00 2.008325e+01
7.372413e+00 1.946795e+01
3.300708e+00 3.837083e+00
7.784644e+00 2.297677e+01
2.472752e+00 4.640263e+00
5.385025e+00 1.244313e+01
8.364288e+00 2.505708e+01
8.019972e+00 2.216450e+01
6.199290e+00 1.532668e+01
5.649534e+00 1.243806e+01
6.230675e+00 1.424626e+01
3.794025e+00 6.984417e+00
7.604211e-01 1.238796e+00
2.554713e+00 3.648355e+00
1.594801e+00 1.804162e+00
5.998952e+00 1.709616e+01
7.959918e+00 2.269676e+01
3.434504e+00 7.479856e+00
3.298608e+00 5.275435e+00
3.730505e+00 8.215247e+00
4.095470e+00 7.632081e+00
5.045802e+00 1.119126e+01
7.220913e+00 2.025425e+01
7.542496e+00 2.077799e+01
6.027486e+00 1.717180e+01
6.300448e+00 1.394347e+01
9.075931e+00 2.692038e+01
2.501504e+00 3.558963e+00
9.688335e+00 2.921615e+01
2.953991e+00 5.143378e+00
5.634946e+00 1.298809e+01
1.894322e+00 1.965462e+00
5.079613e+00 1.173915e+01
8.162991e-01 -5.516610e-01
6.361316e+00 1.447978e+01
9.155667e+00 2.789712e+01
1.725258e+00 2.111777e+00
9.210728e+00 2.619065e+01
4.057257e+00 8.433970e+00
5.154316e+00 1.228388e+01
6.618155e+00 1.733484e+01
8.268628e+00 2.172083e+01
3.705051e+00 7.136841e+00
7.804463e+00 2.206445e+01
8.760474e+00 2.426141e+01
1.122287e+00 3.180097e+00
8.148252e+00 2.405882e+01
6.746097e+00 1.771831e+01
2.165441e+00 3.964080e+00
7.265664e+00 1.866830e+01
9.844250e+00 3.137808e+01
3.466228e+00 7.625122e+00
9.760301e-01 -9.449209e-01
6.143613e+00 1.492628e+01
9.624162e+00 3.029938e+01
5.932616e+00 1.532386e+01
3.905599e+00 8.414134e+00
6.163517e+00 1.522810e+01
5.253260e-01 -6.691970e-01
4.348889e+00 9.442964e+00
1.497223e+00 -5.659025e-01
4.687382e+00 9.599495e+00
7.294491e+00 1.944522e+01
8.151656e+00 2.272865e+01
6.138150e+00 1.489634e+01
1.913425e-01 5.277473e-01
2.605858e-01 7.427617e-01
1.436817e+00 1.583602e+00
4.536944e+00 9.498220e+00
6.634714e+00 1.785972e+01
5.978855e+00 1.671775e+01
7.203170e+00 1.937699e+01
2.718539e+00 5.888686e+00
5.167642e+00 1.259085e+01
1.352594e+00 2.111000e+00
6.593500e+00 1.832083e+01
5.784082e-01 1.220081e-01
6.248421e+00 1.644850e+01
1.417425e+00 3.554236e+00
9.519023e+00 2.933062e+01
8.043921e+00 2.319330e+01
3.551141e+00 5.410062e+00
4.123843e+00 9.479872e+00
8.978542e+00 2.641006e+01
2.877769e-01 -1.110566e+00
8.882549e+00 2.689721e+01
5.729197e+00 1.260158e+01
7.192822e+00 1.872345e+01
8.776770e+00 2.641217e+01
4.932710e+00 1.000895e+01
7.235991e+00 2.076846e+01
2.076519e-01 -9.865730e-01
3.419283e+00 6.111888e+00
9.135741e+00 2.755653e+01
1.997528e+00 1.922625e+00
6.786423e+00 1.570307e+01
2.056308e+00 3.045231e+00
8.615004e+00 2.437948e+01
5.908807e+00 1.343061e+01
4.011666e+00 7.076175e+00
9.355690e+00 2.846686e+01
3.006591e+00 4.296607e+00
3.775786e+00 7.441656e+00
6.097336e+00 1.435072e+01
7.133710e+00 1.847294e+01
6.814104e+00 1.655326e+01
6.506133e+00 1.633757e+01
8.403034e+00 2.448692e+01
3.267064e+00 5.917951e+00
3.092483e+00 5.274717e+00
4.338663e+00 9.692822e+00
8.937326e+00 2.577995e+01
3.039938e+00 4.829874e+00
6.532663e+00 1.710070e+01
1.345665e+00 2.993127e+00
9.817949e+00 2.965573e+01
2.504848e+00 4.400600e+00
2.238287e+00 5.961890e+00
7.406621e+00 2.128380e+01
4.891077e+00 1.145741e+01
7.839741e+00 2.073017e+01
9.993790e+00 3.176460e+01
6.718500e+00 1.832881e+01
2.733590e+00 3.185964e+00
3.743962e+00 7.940708e+00
1.586344e+00 1.328356e+00
4.778840e+00 1.048243e+01
3.545773e+00 6.796948e+00
5.737188e+00 1.300419e+01
9.846057e-01 9.359229e-01
6.276889e+00 1.444811e+01
8.232170e+00 2.530070e+01
3.725482e+00 7.873416e+00
5.590343e+00 1.213842e+01
8.443356e+00 2.617368e+01
7.710828e+00 2.196923e+01
4.846648e+00 1.068535e+01
6.376536e-01 1.575960e-01
6.794836e+00 1.786406e+01
7.137401e+00 1.868963e+01
7.918404e+00 2.440069e+01
6.305331e+00 1.570887e+01
2.926277e+00 3.233762e+00
9.847691e+00 3.072690e+01
8.662256e+00 2.684692e+01
4.701185e+00 1.035687e+01
5.007443e+00 1.028813e+01
7.828091e+00 2.203340e+01
3.604069e+00 5.631099e+00
9.245954e+00 2.814359e+01
3.763432e+00 7.038381e+00
2.087531e-01 2.066271e+00
1.960077e+00 4.014181e+00
9.442485e+00 2.932791e+01
8.641806e+00 2.498625e+01
3.288930e+00 6.494137e+00
4.653575e+00 8.952018e+00
9.486488e+00 2.984096e+01
9.128832e+00 2.666691e+01
1.970137e+00 2.131798e+00
6.358153e+00 1.750904e+01
4.942389e+00 9.856205e+00
4.739895e+00 1.061205e+01
7.374235e+00 1.951596e+01
7.324577e+00 1.970437e+01
9.619892e+00 2.894724e+01
7.431180e+00 1.951480e+01
6.721029e+00 1.608020e+01
6.607820e+00 1.616921e+01
8.585980e-01 9.549219e-02
7.102662e+00 1.870265e+01
7.893398e+00 2.084683e+01
5.576644e+00 1.378635e+01
9.499545e+00 2.985373e+01
1.011412e+00 4.423918e-01
7.714366e+00 2.125167e+01
1.615248e+00 1.647314e+00
4.758962e+00 8.944354e+00
9.271294e+00 2.904618e+01
6.875613e+00 1.826954e+01
6.174045e+00 1.416119e+01
5.267759e+00 1.188507e+01
5.166015e+00 1.232213e+01
2.826200e+00 4.487758e+00
8.619625e+00 2.548768e+01
4.106063e+00 6.734834e+00
2.810617e+00 5.470934e+00
2.320989e+00 5.740914e+00
8.374401e+00 2.353171e+01
9.407992e+00 2.908463e+01
5.605232e+00 1.380649e+01
1.107848e+00 8.891189e-01
7.004937e+00 1.975405e+01
3.942255e+00 8.200316e+00
3.836911e+00 7.752218e+00
9.485116e+00 2.846518e+01
6.086319e+00 1.552683e+01
5.231165e-01 4.065555e-01
8.292474e-01 1.465901e+00
7.273865e+00 1.986172e+01
7.731016e+00 2.213936e+01
5.485728e-01 8.975432e-01
1.874283e+00 3.525204e+00
4.225470e+00 8.121287e+00
8.868945e+00 2.526085e+01
3.757943e+00 7.055899e+00
9.465777e+00 2.868636e+01
5.815692e+00 1.456111e+01
4.604422e+00 1.013846e+01
2.310623e+00 4.166472e+00
2.061081e+00 3.958296e+00
6.546714e+00 1.615699e+01
7.998043e-01 1.483286e+00
9.808573e+00 3.230915e+01
9.807584e+00 3.150727e+01
5.830999e+00 1.460451e+01
8.296582e+00 2.348716e+01
3.128033e+00 4.127491e+00
7.580458e+00 2.238191e+01
5.023223e+00 1.073883e+01
5.811375e+00 1.484171e+01
4.060211e+00 9.295037e+00
3.868540e+00 8.976887e+00
2.693934e+00 4.470320e+00
2.764111e+00 4.097817e+00
9.706158e+00 2.870380e+01
9.096704e+00 2.838709e+01
2.024273e+00 9.907730e-01
5.486389e-01 -2.614904e-01
4.527361e+00 1.060054e+01
4.588743e+00 9.596026e+00
5.705030e+00 1.541149e+01
3.826819e+00 6.830381e+00
1.694884e+00 4.788398e+00
2.350250e+00 4.433695e+00
6.991168e-01 5.416348e-01
1.036093e+00 1.585797e+00
1.712919e+00 2.176456e+00
8.734910e+00 2.599696e+01
1.046187e+00 1.240988e+00
5.837662e-01 3.727428e-01
2.189099e+00 3.269199e+00
7.739792e+00 2.188758e+01
2.492039e+00 4.232803e+00
3.041730e+00 5.060076e+00
6.755653e+00 1.621722e+01
7.670426e+00 2.218358e+01
9.070868e+00 2.672499e+01
1.290226e+00 1.011244e-01
3.806110e+00 7.857945e+00
9.931527e+00 3.161765e+01
9.069040e+00 2.861334e+01
3.851136e+00 8.553253e+00
3.345760e+00 6.119759e+00
5.739427e+00 1.304498e+01
2.601539e+00 5.502630e+00
7.378683e+00 2.105768e+01
9.326632e+00 2.691766e+01
2.430800e+00 3.451864e+00
6.854541e+00 1.730362e+01
5.917477e-01 -5.598739e-02
8.978941e+00 2.567719e+01
5.972799e-01 -1.699021e-01
7.706717e+00 2.050318e+01
8.162863e+00 2.337764e+01
8.183553e+00 2.370872e+01
6.058707e+00 1.352214e+01
1.146958e+00 2.692345e+00
7.933563e+00 2.188626e+01
1.559581e+00 3.338055e+00
7.942423e+00 2.359826e+01
8.031327e+00 2.120936e+01
1.885550e+00 2.516448e+00
4.241047e+00 8.780308e+00
4.830594e+00 1.038775e+01
7.849211e+00 2.258384e+01
8.334741e+00 2.546985e+01
2.228199e+00 3.991442e+00
4.239102e+00 7.735616e+00
8.273433e+00 2.312679e+01
6.077637e+00 1.388280e+01
1.783960e+00 1.270801e+00
6.203217e+00 1.531232e+01
9.005406e-01 6.229158e-01
7.328255e+00 1.973933e+01
7.699597e+00 2.089544e+01
7.465434e+00 1.925998e+01
4.247162e+00 1.015789e+01
7.772528e+00 2.276056e+01
7.831675e-01 1.170872e+00
6.074331e+00 1.407634e+01
8.518122e+00 2.721596e+01
3.918113e+00 8.888073e+00
2.540907e+00 3.040200e+00
9.534225e+00 2.944809e+01
2.946334e+00 5.966661e+00
1.650678e+00 2.277152e+00
7.068781e+00 1.856660e+01
3.810068e+00 6.856647e+00
8.657614e+00 2.545898e+01
7.125936e+00 1.804018e+01
7.243423e+00 2.005221e+01
8.180716e+00 2.275561e+01
9.961201e+00 3.185293e+01
1.475359e+00 1.433838e+00
1.754691e+00 3.364247e+00
2.206364e-01 3.712614e-01
3.610840e-01 5.555696e-01
1.002941e+00 1.537064e+00
3.770562e+00 7.376786e+00
5.037824e+00 1.379437e+01
5.571154e-01 5.257214e-01
3.003519e+00 5.037164e+00
5.826582e+00 1.234406e+01
9.870913e+00 3.127668e+01
7.329576e+00 1.973920e+01
9.348076e+00 3.043726e+01
3.708677e+00 6.503314e+00
5.435407e+00 1.219689e+01
2.352175e+00 2.772930e+00
4.078731e+00 8.067127e+00
7.458708e+00 2.016489e+01
3.942211e+00 7.787736e+00
4.218037e+00 8.869371e+00
3.696693e+00 6.103742e+00
5.710541e+00 1.494575e+01
4.110422e+00 7.761726e+00
7.338990e+00 1.958516e+01
1.768202e+00 2.373859e+00
8.469526e+00 2.522822e+01
2.528053e+00 4.845506e+00
7.356134e+00 1.965980e+01
4.529758e+00 9.075850e+00
7.090553e+00 1.874017e+01
1.111200e+00 1.112108e+00
1.584462e+00 2.892629e+00
6.823665e+00 1.676283e+01
9.731417e+00 3.073348e+01
8.671674e-01 1.131711e+00
9.565691e+00 2.964981e+01
2.635110e+00 4.648765e+00
1.905333e+00 2.573497e+00
6.503001e+00 1.793130e+01
4.611427e+00 9.798739e+00
4.952779e+00 1.062387e+01
7.595039e+00 2.186881e+01
6.079846e+00 1.511271e+01
2.148522e+00 4.088532e+00
9.001576e+00 2.633404e+01
9.376750e-01 2.001531e+00
1.824815e-01 9.150250e-02
4.361929e+00 6.798098e+00
7.936573e+00 2.238993e+01
8.057091e+00 2.207261e+01
1.873344e+00 3.023021e+00
9.106745e-01 3.524589e-01
7.348558e+00 1.972911e+01
3.797053e+00 7.821594e+00
9.092445e+00 2.735481e+01
6.120301e+00 1.495728e+01
6.569587e+00 1.731864e+01
2.550532e+00 6.706130e+00
4.167226e+00 8.218428e+00
1.274961e+00 1.201237e+00
8.219390e+00 2.378131e+01
1.180333e+00 1.059065e-01
2.719364e+00 3.550827e+00
9.998639e+00 3.048832e+01
4.735051e+00 1.032500e+01
1.971084e+00 1.699081e+00
9.943612e+00 3.041654e+01
2.013779e-01 -4.422947e-01
6.197659e+00 1.372052e+01
9.876706e+00 3.111999e+01
3.508301e+00 7.779656e+00
6.165734e+00 1.519425e+01
4.369040e-01 1.867652e-01
8.140814e+00 2.361329e+01
1.492907e+00 3.212745e+00
1.843944e+00 1.706475e+00
1.509968e+00 3.383578e+00
1.075144e+00 1.868166e+00
8.936991e+00 2.841345e+01
7.990379e-01 6.565285e-01
9.788864e+00 3.115552e+01
4.490421e+00 9.392232e+00
9.837943e+00 3.125875e+01
5.036126e+00 1.049439e+01
9.791658e+00 3.103224e+01
4.132137e+00 9.277740e+00
3.449268e+00 7.123741e+00
5.493896e+00 1.298078e+01
5.287490e+00 1.304958e+01
5.346398e+00 1.215919e+01
4.507569e+00 9.784102e+00
1.547625e-01 7.650901e-01
3.507600e+00 5.883688e+00
6.422903e+00 1.581222e+01
5.693956e+00 1.620778e+01
4.617300e+00 1.084504e+01
4.847043e+00 1.102535e+01
2.123804e+00 1.584413e+00
1.639177e+00 2.875168e+00
1.479946e+00 2.058942e+00
6.442556e+00 1.772857e+01
4.039673e+00 7.947084e+00
5.085022e+00 1.073449e+01
3.748262e+00 6.907738e+00
4.940692e+00 9.961391e+00
7.946700e+00 2.231342e+01
2.108582e+00 3.621551e+00
4.158162e+00 7.917393e+00
9.928883e-01 4.576193e-01
4.682885e+00 8.097899e+00
7.645550e+00 2.119883e+01
1.900381e+00 4.131052e+00
4.535940e+00 9.918793e+00
2.662789e+00 4.878379e+00
7.983422e-01 -4.009380e-01
3.784501e+00 5.326989e+00
8.477085e+00 2.403351e+01
7.361084e+00 2.023215e+01
3.447409e+00 5.021812e+00
6.478452e+00 1.788833e+01
4.883292e-01 5.746851e-01
6.917133e+00 1.858908e+01
3.819586e+00 8.856466e+00
1.703351e+00 3.568006e+00
8.246759e+00 2.518572e+01
8.167130e+00 2.264412e+01
6.286043e-01 5.595204e-01
6.715015e-01 1.532164e+00
9.842028e+00 3.131798e+01
6.221313e+00 1.462328e+01
3.251586e+00 5.409493e+00
4.507395e+00 9.949711e+00
4.027800e+00 7.223408e+00
9.860948e+00 3.179793e+01
9.096529e+00 2.714001e+01
7.018802e+00 1.860049e+01
4.186481e+00 8.661749e+00
1.352891e-01 3.028307e-01
1.089717e+00 2.026716e+00
7.863047e+00 2.073079e+01
8.164371e+00 2.288684e+01
9.278541e+00 3.037411e+01
8.068042e+00 2.183703e+01
9.776370e+00 3.237920e+01
3.535830e+00 7.258301e+00
6.244766e-01 1.268053e+00
1.418663e+00 2.688887e+00
1.812895e-01 -2.173035e+00
9.435287e+00 2.872398e+01
9.547846e+00 2.958734e+01
4.942038e+00 1.034475e+01
6.322689e+00 1.470994e+01
7.747661e+00 2.006155e+01
1.254886e+00 1.408228e-01
4.382968e-01 7.867111e-01
5.633944e+00 1.459019e+01
8.816239e+00 2.662569e+01
5.402908e+00 1.373785e+01
4.741610e+00 8.349026e+00
1.052650e+00 1.390406e+00
9.997598e+00 3.107576e+01
7.938497e+00 2.256437e+01
5.373005e+00 1.173712e+01
7.763153e+00 2.109309e+01
8.468900e+00 2.411497e+01
5.595451e+00 1.312975e+01
1.583791e+00 2.777589e+00
7.744232e+00 2.007113e+01
3.435715e+00 5.692069e+00
2.890028e+00 4.743028e+00
5.109326e+00 1.059214e+01
9.120595e+00 2.814760e+01
7.730986e+00 2.109688e+01
7.907124e+00 2.137867e+01
7.557367e+00 2.120988e+01
7.704212e+00 2.132827e+01
8.056517e+00 2.185703e+01
7.312681e+00 1.827946e+01
5.846604e+00 1.538192e+01
5.165951e+00 1.343197e+01
8.051086e+00 2.337138e+01
5.976933e+00 1.526641e+01
2.031250e+00 3.872242e+00
4.545996e+00 8.684036e+00
1.445247e+00 1.714448e+00
3.831092e+00 8.093604e+00
1.587457e+00 2.787691e+00
6.869054e+00 1.813304e+01
3.658713e-01 1.129112e+00
5.515165e+00 1.075486e+01
4.492353e+00 9.430926e+00
6.598785e-01 1.223109e+00
8.637764e+00 2.532315e+01
6.948362e+00 1.760335e+01
2.967262e+00 5.875148e+00
9.302952e+00 2.821374e+01
6.033350e+00 1.478055e+01
8.226391e+00 2.305342e+01
2.863984e-01 7.507846e-01
2.941023e+00 5.524103e+00
3.499766e+00 5.881677e+00
1.280951e+00 1.797566e+00
6.788435e+00 1.694716e+01
2.846294e+00 3.970654e+00
6.577190e+00 1.577558e+01
9.327032e+00 2.962690e+01
5.958704e+00 1.362456e+01
3.761516e+00 6.227614e+00
2.388422e+00 1.894015e+00
6.809308e+00 1.679064e+01
5.762017e+00 1.411391e+01
7.697049e+00 2.106410e+01
8.486590e+00 2.332523e+01
7.150074e+00 1.918190e+01
4.540706e+00 9.278847e+00
9.930030e-01 1.699469e+00
1.136065e+00 1.160208e+00
2.753300e+00 4.869452e+00
8.447358e+00 2.539192e+01
6.742562e+00 1.922021e+01
8.952818e+00 2.660987e+01
5.005914e+00 1.160839e+01
4.294509e+00 9.462611e+00
5.593117e+00 1.270627e+01
1.181948e+00 -4.575578e-01
1.775508e+00 1.556521e+00
3.548604e+00 5.337668e+00
4.784497e+00 1.141351e+01
5.848437e-01 8.350082e-01
6.628345e+00 1.808575e+01
7.360969e+00 1.798734e+01
2.925809e+00 4.025680e+00
3.650164e+00 7.468442e+00
5.969839e+00 1.675510e+01
5.591932e-01 8.088021e-01
8.955675e+00 2.632268e+01
8.074898e+00 2.404984e+01
1.064783e+00 -6.835456e-01
6.219109e+00 1.625595e+01
4.217372e+00 1.054194e+01
8.313522e+00 2.350885e+01
4.379597e+00 1.170841e+01
2.050021e+00 2.475452e+00
1.988776e+00 3.035265e+00
3.197353e+00 7.358701e+00
8.113711e+00 2.242044e+01
4.245121e+00 8.967172e+00
6.371728e+00 1.631423e+01
6.376908e+00 1.483810e+01
5.453828e-01 -2.439693e-01
8.804897e+00 2.668927e+01
5.846639e+00 1.593549e+01
3.504383e+00 7.381263e+00
7.036389e+00 1.892350e+01
9.723255e+00 3.248770e+01
2.476007e+00 4.670364e+00
9.151166e+00 2.714804e+01
1.938804e+00 2.694637e+00
8.493855e+00 2.413557e+01
4.185074e+00 1.005553e+01
3.859868e+00 7.776802e+00
4.903849e+00 1.055638e+01
3.509177e+00 8.327754e+00
2.151044e+00 3.389834e+00
8.670854e+00 2.698533e+01
4.027488e+00 7.421058e+00
8.084686e+00 2.304393e+01
8.625960e+00 2.532038e+01
9.454074e+00 2.849454e+01
2.940949e+00 4.989455e+00
6.314333e+00 1.456221e+01
8.637199e+00 2.521506e+01
4.269047e-01 -1.670968e+00
2.346641e+00 4.614985e+00
6.763019e+00 1.911426e+01
1.092471e-01 -1.278691e+00
8.892327e-01 1.064418e+00
3.983869e+00 7.493163e+00
