# x F
-1.390506e+00 1.549921e+00
1.053480e-01 -7.756279e-01
-8.386634e+00 8.425659e+00
9.218975e+00 -9.249879e+00
-7.287328e+00 7.095621e+00
1.555405e-01 1.030227e-01
-1.246383e-01 1.718795e-01
3.652917e+00 -3.276475e+00
-5.343465e+00 5.614940e+00
4.427392e+00 -3.359307e+00
-2.358124e+00 1.576246e+00
6.306334e+00 -5.876297e+00
-4.576420e-01 5.256289e-01
-4.363617e+00 4.555468e+00
9.662339e+00 -9.201426e+00
7.456081e+00 -7.612223e+00
-3.702386e+00 3.580751e+00
1.708881e+00 -8.583705e-01
8.901100e+00 -8.250298e+00
-5.773459e+00 5.949077e+00
-6.596281e+00 6.660651e+00
-7.016535e+00 7.357066e+00
4.526741e+00 -4.075941e+00
-3.893461e+00 3.422062e+00
-2.766376e+00 2.531089e+00
9.833488e+00 -1.074224e+01
-6.719343e+00 6.457711e+00
9.974876e+00 -9.569808e+00
6.915654e-01 -1.026243e+00
-5.126241e+00 4.756461e+00
5.931171e-01 -2.844547e-01
1.311840e+00 -3.351555e-01
-6.825461e+00 7.280756e+00
-3.503618e+00 3.253810e+00
-2.493590e+00 1.768642e+00
1.437092e+00 1.756377e-01
-2.188655e+00 1.838028e+00
7.820554e+00 -7.795267e+00
8.513375e+00 -8.035744e+00
-7.148069e+00 6.787656e+00
3.986147e-01 3.454503e-01
-3.003221e+00 3.387417e+00
-9.055568e+00 9.270211e+00
5.582214e+00 -5.129263e+00
3.602991e+00 -3.755470e+00
-8.394193e+00 8.815827e+00
-3.039074e+00 2.651304e+00
3.604712e+00 -3.349348e+00
7.603923e-01 2.549772e-02
7.580571e+00 -8.506554e+00
-3.337860e+00 3.225123e+00
-1.967671e+00 2.231800e+00
8.568869e+00 -9.042230e+00
-1.500156e-02 -8.877108e-01
-3.225341e+00 4.561313e+00
5.510109e+00 -4.197003e+00
9.701443e+00 -1.048414e+01
-8.713651e-01 3.461891e-01
5.435262e-01 -3.604156e-01
-7.337936e+00 7.445032e+00
-2.192056e+00 1.682024e+00
7.898714e+00 -8.658069e+00
3.117579e+00 -2.954198e+00
3.710614e+00 -4.100892e+00
-7.932889e+00 8.948081e+00
-5.425710e+00 5.979380e+00
-2.696395e+00 3.356971e+00
-5.089828e+00 6.213001e+00
-5.717944e+00 6.285610e+00
5.412097e+00 -4.662370e+00
2.323763e+00 -2.840342e+00
9.620940e+00 -9.477932e+00
-3.755334e+00 2.631183e+00
5.517071e+00 -5.655502e+00
-5.175690e+00 5.535911e+00
7.116259e+00 -7.146453e+00
-3.361979e+00 2.791764e+00
-2.222779e+00 2.897725e+00
-3.827540e+00 3.951917e+00
8.914562e-01 -2.181310e+00
-3.191065e+00 2.899397e+00
-2.747685e+00 2.696420e+00
7.342493e+00 -7.792385e+00
-7.608788e+00 6.572389e+00
-5.106089e+00 5.182351e+00
2.926627e+00 -2.680180e+00
-8.151580e+00 9.102818e+00
4.384183e+00 -4.035966e+00
-9.308238e+00 9.395084e+00
1.981367e+00 -2.354079e+00
7.641848e+00 -8.118821e+00
-8.552080e+00 7.861999e+00
7.308304e+00 -6.423703e+00
5.819746e+00 -5.258141e+00
2.772851e+00 -2.963989e+00
-3.440056e+00 3.052932e+00
3.154122e+00 -2.860774e+00
-9.812946e+00 9.573201e+00
4.527696e+00 -4.539987e+00
2.303852e+00 -2.052908e+00
-2.996613e+00 2.118295e+00
6.124475e+00 -7.486027e+00
4.682442e-01 3.756921e-01
4.358391e+00 -3.542897e+00
-3.154504e+00 2.940300e+00
-9.541454e+00 9.759707e+00
2.874802e+00 -3.118323e+00
-1.290470e+00 2.369864e+00
-1.973066e+00 1.961994e+00
-4.566025e-01 2.395157e-01
-7.206868e-01 4.745029e-01
3.629437e+00 -3.330339e+00
-1.519902e+00 2.446602e+00
-7.481889e+00 8.132909e+00
-9.210136e+00 8.529884e+00
-4.017860e+00 4.140841e+00
-9.217946e+00 9.379414e+00
7.411766e+00 -8.358364e+00
7.436325e+00 -7.062101e+00
3.833824e+00 -3.875849e+00
2.368367e+00 -2.770996e+00
5.214635e+00 -6.099595e+00
6.372126e+00 -6.636928e+00
-8.185810e+00 7.616344e+00
-8.684403e+00 7.909979e+00
1.699763e+00 -2.395919e+00
2.717965e+00 -3.097956e+00
-7.613993e+00 7.913105e+00
-4.277623e+00 3.738888e+00
-8.449601e+00 8.599587e+00
-6.735893e+00 6.540118e+00
4.530931e+00 -4.732875e+00
-4.273953e+00 4.610537e+00
5.983678e+00 -6.013293e+00
-6.226524e+00 6.196706e+00
-4.548143e+00 3.904955e+00
-5.809541e+00 6.053792e+00
-1.624948e+00 2.212986e+00
-1.432118e+00 1.499966e+00
1.295972e+00 -4.749626e-01
8.623883e+00 -8.859031e+00
-8.144583e+00 8.371578e+00
6.083136e+00 -5.234166e+00
-1.732403e+00 7.337513e-01
2.058295e+00 -2.637493e+00
6.341420e+00 -6.465176e+00
-7.861205e+00 8.158644e+00
-4.304868e+00 4.083700e+00
-2.179163e+00 4.644319e-01
-1.128359e+00 1.608345e-01
-3.704679e+00 4.379133e+00
-7.827960e+00 8.769683e+00
-9.153370e+00 9.304642e+00
-5.796866e+00 5.477877e+00
-4.351461e+00 4.109824e+00
2.963000e+00 -2.512341e+00
-1.492805e+00 2.058430e+00
6.191604e+00 -5.280509e+00
8.991086e+00 -9.328171e+00
-4.284918e+00 3.989700e+00
8.201838e+00 -7.897497e+00
7.507493e+00 -7.948628e+00
3.337030e+00 -3.236286e+00
6.507991e+00 -6.962401e+00
3.551149e+00 -3.391042e+00
-3.812530e+00 3.187042e+00
8.071980e+00 -8.323932e+00
-3.588042e+00 2.873661e+00
3.542183e+00 -3.452780e+00
-6.106368e+00 7.005406e+00
-4.893319e+00 4.309183e+00
-3.968247e+00 4.295669e+00
-2.111345e+00 3.058901e+00
-5.007643e+00 5.744381e+00
-7.853835e+00 7.247967e+00
5.425966e+00 -5.041783e+00
3.098084e+00 -3.576071e+00
1.530895e+00 -1.713615e+00
6.279240e+00 -6.406346e+00
-9.452531e+00 9.615334e+00
9.101697e+00 -9.169315e+00
1.987995e+00 -1.592999e+00
5.897288e+00 -5.201533e+00
7.803134e+00 -9.072713e+00
-4.177736e+00 3.550906e+00
9.456237e+00 -8.841644e+00
9.303710e+00 -8.338220e+00
-7.556367e+00 8.154659e+00
9.147686e+00 -8.293086e+00
8.850872e+00 -8.939397e+00
-4.430170e+00 4.349471e+00
9.191056e+00 -9.463746e+00
4.240497e+00 -3.542665e+00
-9.447969e-02 3.936383e-01
1.413478e+00 -2.600580e+00
7.085460e+00 -8.412013e+00
-2.237706e-01 2.533873e-01
7.714682e+00 -7.658970e+00
-3.970193e+00 4.391269e+00
-2.931231e+00 2.201007e+00
-6.859377e+00 7.419448e+00
7.971610e+00 -7.587877e+00
-2.725186e+00 2.358180e+00
-3.479430e+00 3.536339e+00
3.880524e+00 -3.712434e+00
1.365071e+00 -5.230059e-01
-9.871265e-01 8.248394e-01
1.973868e+00 -1.167696e+00
-9.825404e+00 1.032589e+01
-6.381698e+00 5.731182e+00
4.399784e+00 -4.505513e+00
5.529764e+00 -5.190279e+00
5.741044e+00 -5.929911e+00
5.328954e+00 -5.573101e+00
-8.880499e+00 8.492938e+00
7.324405e+00 -7.073094e+00
6.729072e+00 -6.905105e+00
-6.732218e+00 6.831560e+00
3.666185e+00 -4.050550e+00
2.057577e+00 -2.374930e+00
1.806349e+00 -1.983510e+00
-4.663112e+00 4.142811e+00
5.780850e+00 -5.419789e+00
2.362879e+00 -2.649918e+00
-9.011517e+00 8.184467e+00
2.689011e+00 -1.764448e+00
7.861068e+00 -7.684325e+00
-5.662611e+00 5.779008e+00
9.750116e+00 -9.708176e+00
3.336756e+00 -4.072375e+00
-5.294473e+00 6.007873e+00
-9.981920e+00 1.011181e+01
-4.282058e+00 4.819503e+00
4.045451e+00 -3.610241e+00
9.971652e+00 -9.419580e+00
-1.615420e+00 1.866629e+00
5.684388e+00 -6.049872e+00
7.073200e+00 -7.031968e+00
4.290210e+00 -4.534249e+00
4.343244e+00 -4.095185e+00
-5.466028e+00 5.446134e+00
5.900875e+00 -5.441335e+00
2.959670e+00 -2.473567e+00
-4.237125e+00 3.932957e+00
8.034481e+00 -7.375674e+00
7.082891e+00 -6.502712e+00
3.367763e+00 -2.481692e+00
-1.717766e+00 1.199187e+00
6.655299e+00 -7.093131e+00
9.495620e+00 -9.885388e+00
-7.719835e+00 8.516003e+00
5.410165e+00 -5.979599e+00
-4.995020e-01 4.127159e-01
9.580593e+00 -8.691859e+00
1.295830e+00 -9.841413e-01
5.004554e+00 -5.533544e+00
6.121487e+00 -6.335971e+00
-4.667274e+00 4.311877e+00
8.758795e+00 -8.067832e+00
3.083841e+00 -3.321653e+00
5.394496e+00 -5.171202e+00
3.774384e-01 1.723684e-01
-9.801250e+00 9.415790e+00
-9.648661e+00 8.983860e+00
-9.248962e+00 9.576655e+00
8.455799e+00 -8.709704e+00
6.079279e+00 -5.254551e+00
-8.988963e+00 8.053682e+00
-8.226373e+00 8.146076e+00
5.622045e+00 -6.253938e+00
9.062213e+00 -1.057922e+01
-1.307278e+00 2.232976e-01
-1.872031e+00 1.773810e+00
5.581532e+00 -5.611235e+00
3.383111e+00 -3.436985e+00
6.575533e+00 -7.160651e+00
1.077356e+00 -1.641099e+00
-5.570540e+00 5.366349e+00
7.289173e+00 -6.468144e+00
9.455590e+00 -8.651824e+00
6.865412e+00 -6.751903e+00
6.286832e+00 -5.996642e+00
-7.495392e+00 8.480703e+00
1.115568e+00 -1.151541e+00
-2.327776e+00 3.170306e+00
-6.688205e+00 6.908843e+00
-4.252995e+00 4.651529e+00
6.650594e+00 -6.573598e+00
3.885913e-01 -5.932204e-01
4.231966e+00 -4.425849e+00
-9.029464e+00 8.818734e+00
2.180126e+00 -2.681726e+00
5.483637e-01 -7.877656e-01
-8.207041e+00 8.063320e+00
-1.058646e+00 2.958973e-01
-5.108510e+00 6.040318e+00
8.619727e+00 -8.830829e+00
-3.670645e+00 3.742441e+00
-5.055837e+00 4.437311e+00
-9.957242e+00 9.600772e+00
1.264555e+00 -8.932991e-01
5.488179e+00 -6.097209e+00
-9.567738e-02 4.781192e-01
9.310164e+00 -9.776881e+00
-6.246433e+00 5.893111e+00
5.955206e+00 -6.401975e+00
-3.622561e+00 4.557776e+00
2.946296e+00 -2.696394e+00
-6.972661e-01 8.056827e-01
1.533819e-01 -7.992164e-01
-1.534083e+00 2.378362e+00
5.951015e+00 -5.026603e+00
9.388360e+00 -9.860688e+00
-3.158113e+00 3.200618e+00
-4.867715e+00 4.881765e+00
-1.160603e+00 2.392336e+00
-2.618907e-01 8.595044e-01
-1.496814e+00 1.852031e+00
7.101785e+00 -7.035317e+00
-7.763878e+00 7.237961e+00
-9.534041e+00 9.860849e+00
-3.116249e+00 2.850862e+00
2.946370e+00 -2.864407e+00
-6.700094e+00 6.153263e+00
-8.020998e+00 7.721643e+00
-1.517185e+00 1.334462e+00
4.017929e+00 -3.166683e+00
1.559211e-01 -6.557651e-01
-2.197781e-01 -2.964606e-01
7.783066e+00 -7.705537e+00
1.813998e+00 -2.834583e+00
3.225059e+00 -3.949215e+00
6.979925e+00 -7.939687e+00
3.264375e+00 -3.479592e+00
2.481119e+00 -3.474791e+00
-2.207889e+00 2.893968e+00
8.698972e+00 -9.866241e+00
-3.055593e+00 3.637300e+00
-3.643193e+00 4.369815e+00
-2.256288e+00 2.150711e+00
-2.629788e+00 1.596333e+00
-4.622674e+00 5.261056e+00
8.990978e+00 -8.849906e+00
-2.388127e+00 1.873520e+00
-3.488889e+00 2.915090e+00
-9.791326e+00 9.379775e+00
-3.165254e+00 3.323262e+00
7.032151e+00 -7.914348e+00
7.869120e+00 -8.337932e+00
1.492564e+00 -9.763683e-01
-5.480793e+00 5.024382e+00
6.952870e+00 -6.532508e+00
-1.977409e+00 1.879077e+00
-7.330628e+00 7.317898e+00
-2.122577e+00 1.866911e+00
-5.334016e+00 5.075541e+00
-1.594385e+00 1.136967e+00
9.908306e+00 -1.054625e+01
-9.241602e+00 8.871994e+00
2.141411e+00 -2.635625e+00
-1.146644e+00 8.383821e-01
-8.217704e+00 8.337302e+00
-9.075821e-01 1.236473e+00
9.208136e-01 -4.924403e-01
-3.967481e+00 3.398433e+00
-9.856229e-01 2.293705e+00
-4.352716e+00 5.486217e+00
6.200383e+00 -6.802832e+00
4.209075e+00 -4.541471e+00
-2.143240e+00 1.574285e+00
-5.284352e-01 2.095857e-01
9.027799e+00 -8.215792e+00
4.839672e+00 -4.123768e+00
1.676464e+00 -1.880480e+00
-8.441941e+00 8.424214e+00
-2.455858e+00 2.710982e+00
3.190700e+00 -2.877920e+00
4.774950e+00 -5.784213e+00
6.921216e-01 -6.362378e-01
2.065691e-01 1.347973e+00
-4.552701e+00 3.721565e+00
9.556418e+00 -9.841925e+00
3.835565e+00 -3.580881e+00
8.284557e+00 -8.082770e+00
6.262536e+00 -6.853350e+00
4.535017e+00 -4.713825e+00
4.522644e+00 -5.710649e+00
8.450148e+00 -8.479373e+00
-4.639064e+00 5.228127e+00
-4.036456e+00 3.763621e+00
6.476026e-01 -1.343853e+00
2.246978e+00 -2.105276e+00
-4.829437e+00 5.070273e+00
-8.958878e+00 8.260987e+00
5.652563e+00 -5.687225e+00
-5.744819e+00 5.847128e+00
-3.005201e+00 1.994083e+00
5.985351e+00 -5.805545e+00
9.090376e+00 -8.421178e+00
6.252703e+00 -5.263159e+00
-6.874680e+00 7.994585e+00
-8.878025e+00 9.858157e+00
9.351848e-01 -1.535086e-01
-1.851855e+00 1.428937e+00
9.280536e+00 -9.490263e+00
1.212965e+00 -1.420925e+00
3.002477e+00 -3.327193e+00
9.744960e+00 -9.721750e+00
9.563497e+00 -1.029995e+01
-2.806930e+00 3.483120e+00
-8.966015e+00 8.957884e+00
9.855923e+00 -1.088626e+01
2.694783e+00 -2.264236e+00
4.601607e+00 -4.009336e+00
-6.024022e+00 6.372064e+00
9.535175e+00 -9.207329e+00
-6.740682e-01 9.054179e-01
4.576371e+00 -4.675269e+00
9.074847e+00 -1.011427e+01
-4.326350e+00 4.259907e+00
1.477955e+00 -2.975238e+00
5.133819e+00 -4.614711e+00
-8.379017e+00 8.666772e+00
-7.859619e+00 7.010824e+00
4.000892e+00 -3.791165e+00
-5.404836e+00 5.402835e+00
-7.835455e+00 7.530094e+00
8.324638e+00 -8.993253e+00
5.665893e+00 -5.308531e+00
4.548386e+00 -3.635667e+00
-1.753227e+00 4.891076e-01
-9.186307e-01 1.848555e+00
-7.616243e+00 7.495173e+00
3.605332e-01 -2.394367e-01
-1.944221e+00 2.519401e+00
5.463345e+00 -5.330311e+00
-3.412940e+00 4.388717e+00
-8.983503e+00 8.031160e+00
2.060712e+00 -1.224936e+00
-1.545718e+00 1.584684e+00
4.123454e+00 -3.767286e+00
-6.832822e+00 7.220911e+00
-6.471114e+00 5.834521e+00
3.758527e+00 -4.688618e+00
-2.768743e+00 2.019348e+00
3.963674e+00 -3.566244e+00
6.019553e+00 -5.529813e+00
-9.219424e+00 8.927576e+00
1.696887e+00 -1.576157e+00
1.905964e-01 -2.153077e-01
-7.000719e+00 7.682522e+00
8.614557e+00 -9.614991e+00
7.246857e+00 -7.991028e+00
-3.666470e+00 4.101304e+00
-8.597346e+00 8.137468e+00
6.898868e+00 -7.235557e+00
-6.382892e+00 5.764713e+00
4.274230e+00 -4.136938e+00
8.452601e+00 -8.536559e+00
7.056074e+00 -7.054628e+00
4.151920e-01 1.123103e-01
3.762158e+00 -3.332039e+00
-2.021543e+00 1.907150e+00
3.265230e+00 -3.092152e+00
5.273683e+00 -4.914569e+00
3.722398e+00 -3.256363e+00
-8.832295e+00 9.269662e+00
8.440481e+00 -7.754200e+00
8.400529e+00 -8.842458e+00
9.285655e+00 -9.784297e+00
-2.233855e+00 1.195638e+00
1.668495e+00 -2.027477e+00
-9.698013e+00 8.996834e+00
-9.834751e+00 9.719617e+00
4.861428e+00 -5.178853e+00
-3.406943e+00 3.939592e+00
5.272164e-01 -3.880802e-01
5.955982e+00 -4.636858e+00
8.088634e+00 -8.488134e+00
9.725961e-01 -9.573616e-01
1.445499e+00 -1.933324e+00
-4.846333e-01 -7.584708e-02
3.913375e+00 -4.293667e+00
-6.045681e+00 5.575780e+00
7.674121e+00 -7.971673e+00
-8.559483e+00 8.869990e+00
-6.300837e+00 6.385842e+00
2.951143e+00 -2.397775e+00
-7.747872e+00 6.918945e+00
-7.338944e+00 7.825613e+00
1.097633e+00 -8.646980e-01
4.803698e+00 -4.611431e+00
7.305542e+00 -6.318520e+00
-9.201881e-01 1.834106e+00
9.163788e+00 -9.023490e+00
2.482979e-01 -1.950699e-01
9.226952e+00 -8.874265e+00
-1.372987e+00 2.046316e+00
3.352890e+00 -2.509665e+00
-2.443830e+00 2.107006e+00
8.972683e+00 -7.916817e+00
-6.502045e-01 1.172807e+00
-1.232785e+00 1.489487e+00
-1.590125e+00 1.151799e+00
1.672878e+00 -1.509734e+00
-9.902165e+00 1.005610e+01
-8.466490e+00 8.687343e+00
-7.006195e+00 6.765782e+00
8.535171e+00 -9.232597e+00
2.426978e+00 -1.768553e+00
4.546469e+00 -6.365536e+00
7.899566e+00 -7.418721e+00
7.786953e-01 1.679966e-02
5.605876e+00 -6.510176e+00
-4.903688e+00 5.272728e+00
-7.315746e+00 7.562790e+00
-4.844224e-01 1.002809e+00
-2.134555e+00 1.986418e+00
1.548406e+00 -1.585595e+00
-4.980616e+00 5.066251e+00
-4.308322e+00 2.972716e+00
4.258449e+00 -4.801644e+00
8.056469e+00 -8.550121e+00
5.890940e+00 -6.456836e+00
-5.612325e+00 5.528391e+00
6.117645e+00 -5.026589e+00
7.763600e+00 -7.819962e+00
-5.404046e+00 5.392335e+00
9.669616e+00 -9.851969e+00
5.060283e+00 -4.230911e+00
-3.053618e+00 3.161528e+00
3.845305e+00 -4.401399e+00
-3.467950e-01 1.784403e-01
-4.211319e+00 3.865007e+00
3.550170e+00 -3.982078e+00
6.286558e+00 -6.087568e+00
3.777401e+00 -3.800901e+00
-5.411071e+00 5.560330e+00
6.356189e+00 -6.396057e+00
6.056281e+00 -7.106148e+00
6.207883e+00 -5.379383e+00
-2.305803e+00 1.970222e+00
-2.264855e+00 1.793272e+00
1.849970e+00 -1.366683e+00
-8.512860e+00 7.941280e+00
-4.746347e-01 8.625807e-01
-2.922421e+00 2.423144e+00
-2.249744e+00 2.513084e+00
-4.678726e+00 4.703862e+00
6.363848e+00 -5.820395e+00
7.666211e+00 -8.221036e+00
-7.831770e-01 9.749897e-01
-2.749327e+00 2.855391e+00
-3.933944e+00 4.195248e+00
-8.899505e-01 1.263375e+00
2.068557e+00 -1.989328e+00
-7.279612e+00 7.541965e+00
-2.093277e+00 2.266662e+00
-1.247498e+00 2.044248e+00
8.251585e+00 -8.457919e+00
8.547433e+00 -7.281746e+00
7.750675e+00 -6.904183e+00
-1.128834e-01 3.466096e-01
2.567808e+00 -2.345218e+00
-4.063368e-01 -3.478892e-01
5.686552e+00 -6.071635e+00
-9.824249e+00 1.085495e+01
5.273019e+00 -4.945013e+00
-1.957394e+00 2.625593e+00
-6.308136e+00 6.428233e+00
1.824189e+00 -1.071914e+00
5.065408e+00 -5.078381e+00
-8.415707e+00 8.141492e+00
6.077050e+00 -5.928774e+00
-7.253526e+00 7.560426e+00
-1.560330e+00 8.204064e-01
-1.997489e+00 2.101947e+00
5.372474e+00 -4.701188e+00
-4.101319e+00 5.112947e+00
8.714749e-01 -1.297574e+00
-8.096280e+00 8.781237e+00
-2.711550e+00 2.685440e+00
-8.582697e-01 1.960759e-01
5.023668e+00 -4.563555e+00
5.323635e+00 -5.120362e+00
-7.292498e+00 8.155218e+00
-8.687850e+00 9.195235e+00
-3.265676e+00 3.412173e+00
-6.500949e+00 7.512835e+00
3.032300e+00 -3.251462e+00
7.922964e+00 -7.533509e+00
-7.765505e+00 7.636762e+00
1.803073e+00 -2.118438e+00
-2.263308e+00 1.539774e+00
-3.789194e+00 3.309778e+00
-6.196674e+00 6.308776e+00
-6.640792e+00 5.258105e+00
-1.613905e+00 1.273284e+00
6.322619e+00 -6.674293e+00
-5.530277e+00 4.626028e+00
-3.533358e+00 3.016779e+00
7.143475e+00 -7.342981e+00
-4.447255e+00 5.072036e+00
-4.986811e+00 4.682464e+00
-1.858614e+00 1.981533e+00
1.800260e+00 -2.095895e+00
1.067454e-02 4.046103e-02
9.267648e+00 -8.869742e+00
-8.345718e+00 8.625537e+00
-3.284120e+00 2.848708e+00
-7.300407e+00 6.558626e+00
6.137707e+00 -5.300293e+00
-5.315669e+00 5.786149e+00
-3.738886e+00 3.720379e+00
-7.323011e+00 6.901289e+00
1.249500e+00 -1.149498e+00
8.712876e+00 -9.023037e+00
8.256094e+00 -8.800001e+00
-6.678071e+00 6.170005e+00
-7.227480e-01 1.167182e+00
-1.932422e+00 3.006219e+00
2.328062e+00 -2.343092e+00
6.154616e+00 -6.222051e+00
8.037289e+00 -7.793011e+00
-5.218007e+00 5.305991e+00
8.045923e+00 -7.580833e+00
3.702288e+00 -3.509164e+00
-2.748367e+00 2.815943e+00
-6.417573e-01 1.014387e-01
-6.048832e+00 6.378690e+00
7.185909e+00 -8.197491e+00
5.419337e+00 -5.530010e+00
-4.478722e+00 3.489327e+00
-6.087928e+00 6.886950e+00
7.679030e+00 -8.055322e+00
-8.947589e+00 8.539235e+00
-9.986937e+00 1.001381e+01
6.104946e+00 -5.060015e+00
-6.223243e-01 -5.836142e-01
7.308581e+00 -7.250532e+00
-9.127786e-01 1.421428e+00
-9.088935e+00 9.274957e+00
-7.592305e+00 7.554855e+00
-3.770999e+00 4.865031e+00
1.143520e+00 -8.605531e-01
-4.737993e+00 4.043772e+00
-7.405558e-01 7.123912e-01
-7.183046e+00 6.598322e+00
-5.761472e+00 6.054309e+00
9.135937e-02 -2.384941e-01
2.234684e+00 -1.694782e+00
-2.964114e+00 3.190579e+00
8.682252e+00 -8.576379e+00
6.060285e+00 -5.356317e+00
-8.845008e+00 8.596267e+00
-1.199939e+00 2.189087e+00
3.039068e+00 -2.944380e+00
-8.090188e+00 9.800241e+00
1.873151e+00 -2.526534e+00
-5.315299e+00 6.874571e+00
-8.638608e+00 8.795788e+00
1.338188e+00 -1.803912e+00
6.230932e-01 -1.392813e+00
7.974565e+00 -7.101033e+00
-3.460986e+00 3.515120e+00
5.950238e+00 -4.752154e+00
-2.641586e+00 2.201641e+00
4.894322e+00 -5.029415e+00
4.748212e+00 -4.410253e+00
3.856329e+00 -3.508416e+00
-1.645138e+00 1.270187e+00
4.010913e+00 -4.240634e+00
3.172444e+00 -2.960214e+00
-8.923188e-01 2.940902e-01
6.113559e+00 -4.984739e+00
-5.835898e+00 4.814495e+00
4.179979e+00 -5.493011e+00
4.657335e+00 -4.797498e+00
7.985994e+00 -8.395620e+00
2.746931e+00 -3.620864e+00
3.346932e+00 -2.551941e+00
8.760009e-02 -1.552302e+00
6.388818e+00 -6.150362e+00
-7.099360e+00 7.069403e+00
-3.661082e+00 3.435016e+00
-9.084325e-01 9.307658e-01
-2.070814e+00 2.243248e+00
-3.806039e+00 3.139397e+00
-8.675256e+00 8.364686e+00
3.223324e+00 -2.946105e+00
7.075771e+00 -6.466292e+00
7.119922e+00 -7.099103e+00
-5.331448e+00 6.038677e+00
-7.018376e+00 7.590738e+00
6.554458e+00 -6.621042e+00
-9.759051e+00 9.166585e+00
7.935152e+00 -7.674091e+00
-8.496551e+00 8.571598e+00
-4.709009e+00 5.613373e+00
-3.129789e+00 2.453542e+00
-7.447158e+00 7.519118e+00
-8.387367e-01 8.778942e-01
6.703799e+00 -6.810501e+00
9.876916e+00 -8.234431e+00
-4.567659e+00 4.831678e+00
-4.559091e+00 4.159014e+00
-3.661939e+00 3.267681e+00
-6.176078e+00 5.836976e+00
6.830198e+00 -7.074842e+00
4.604226e+00 -5.025661e+00
-3.305966e+00 3.493112e+00
8.804692e+00 -8.867338e+00
-2.575547e+00 3.108825e+00
4.757977e+00 -4.635437e+00
-7.194668e+00 6.687100e+00
-5.009614e-01 -6.579901e-02
4.242361e+00 -3.118092e+00
1.792061e-01 5.260063e-01
1.052212e+00 -1.273798e+00
1.670626e+00 -2.173858e+00
4.023019e+00 -4.761815e+00
2.915180e+00 -2.379149e+00
-2.333250e+00 2.337242e+00
-7.394515e+00 8.556694e+00
-6.983378e+00 5.194529e+00
2.809318e+00 -3.058009e+00
8.200684e+00 -8.220180e+00
-3.526145e+00 3.144744e+00
-9.221781e+00 9.032610e+00
-9.448630e+00 9.052475e+00
3.231356e+00 -3.429114e+00
9.325411e+00 -9.037555e+00
9.775553e+00 -1.018041e+01
8.351026e+00 -9.288886e+00
3.040254e+00 -3.558768e+00
5.566862e+00 -5.321653e+00
-2.217065e+00 1.596341e+00
8.706703e+00 -8.691215e+00
5.224006e+00 -5.045643e+00
9.637315e+00 -8.916554e+00
-2.016963e+00 1.933040e+00
-2.575065e+00 2.762202e+00
8.378027e+00 -7.718544e+00
-4.915454e+00 4.358795e+00
7.910255e+00 -7.671250e+00
-9.523549e+00 9.320954e+00
-7.752557e+00 6.978933e+00
9.160455e-01 -1.197417e+00
-1.390806e+00 1.527537e+00
2.581471e+00 -2.637117e+00
-3.786920e+00 4.499865e+00
4.264450e+00 -3.476341e+00
-1.413602e+00 3.493890e-01
8.848979e-01 -8.628657e-01
3.815734e-02 6.213564e-01
-9.057844e+00 8.931614e+00
2.765231e+00 -4.048321e+00
4.393157e+00 -4.643587e+00
4.217342e+00 -4.870423e+00
-1.455683e+00 1.151127e+00
8.266277e+00 -8.717643e+00
-8.798676e-01 -2.187091e-01
3.194952e+00 -4.612924e+00
-9.007101e+00 9.313876e+00
-8.958672e+00 8.627939e+00
-8.935314e+00 9.626059e+00
1.404541e-01 -1.579863e+00
-8.346051e+00 8.850811e+00
3.932758e+00 -3.553022e+00
-3.278342e+00 3.214903e+00
-7.717600e+00 7.490274e+00
-6.414851e+00 5.682709e+00
-7.370728e+00 6.554510e+00
8.308053e+00 -8.271129e+00
5.249139e+00 -3.479269e+00
-2.152902e+00 1.643736e+00
7.602443e+00 -6.523099e+00
-9.588912e+00 9.402199e+00
4.499777e+00 -5.473198e+00
-3.779417e+00 3.175897e+00
5.427790e+00 -5.902233e+00
-5.619287e+00 5.086511e+00
6.418056e+00 -6.353161e+00
-7.448698e+00 6.222213e+00
-5.738062e+00 5.940021e+00
5.318418e+00 -6.204628e+00
1.138470e+00 -1.979145e+00
-2.058400e+00 1.826723e+00
1.372748e+00 -1.999292e+00
-5.088268e+00 4.177181e+00
-1.412357e+00 1.204062e+00
-9.458603e+00 9.845964e+00
2.195437e+00 -1.600006e+00
2.774103e-02 3.241296e-02
2.227565e+00 -1.983697e+00
-6.992044e+00 7.312189e+00
7.746883e+00 -7.923961e+00
-4.225843e+00 4.611547e+00
7.799676e+00 -8.076889e+00
-3.313522e+00 3.006516e+00
3.528936e+00 -3.690482e+00
-6.486505e+00 7.314512e+00
-6.795970e+00 6.094742e+00
3.402178e+00 -3.528045e+00
-5.502706e+00 5.027205e+00
5.593097e+00 -5.888508e+00
-6.459876e+00 6.185161e+00
9.480258e+00 -9.995993e+00
-4.790395e+00 5.368074e+00
-7.703746e+00 6.868796e+00
-8.300202e+00 8.923409e+00
4.993741e+00 -4.253854e+00
1.056404e+00 -4.887677e-01
-8.728505e+00 8.721869e+00
5.158596e+00 -4.918816e+00
8.057123e+00 -7.509424e+00
-9.269526e-01 -6.773700e-02
8.600467e+00 -8.887368e+00
-3.632868e-01 7.544023e-01
8.687276e+00 -8.663565e+00
3.972625e-01 -1.355304e+00
4.938117e+00 -5.745630e+00
-3.099968e+00 2.563836e+00
-8.991431e+00 9.338539e+00
3.493361e-02 -6.201686e-01
8.600520e+00 -8.270293e+00
4.663888e+00 -4.590941e+00
2.023104e-01 -3.662080e-01
-8.685301e+00 9.109819e+00
-5.387268e-01 -4.644997e-01
1.515542e+00 -1.053351e+00
7.418521e+00 -7.487256e+00
9.972621e+00 -1.025085e+01
-8.934090e+00 1.035354e+01
-9.200382e+00 9.517800e+00
5.089543e+00 -5.972871e+00
9.388905e+00 -9.790311e+00
-5.809680e+00 6.045091e+00
-2.078227e+00 1.681424e+00
-3.039565e+00 3.127009e+00
3.703220e+00 -3.452518e+00
-2.236504e+00 2.547999e+00
9.519298e+00 -9.049063e+00
-4.280180e-01 -1.240571e-02
1.707587e+00 -1.338702e+00
8.470935e+00 -8.697984e+00
-7.948902e+00 8.749351e+00
6.929439e+00 -7.374522e+00
-4.368748e+00 3.344707e+00
8.763115e+00 -8.268639e+00
8.733948e+00 -8.990974e+00
-4.050772e+00 3.790661e+00
8.181034e+00 -8.959970e+00
1.023227e+00 -5.897438e-01
8.980987e-02 -6.525395e-01
1.890142e+00 -1.704582e+00
5.479907e+00 -5.320392e+00
1.687481e+00 -1.306227e+00
-1.903215e+00 1.317828e+00
-2.846219e+00 2.435480e+00
7.595278e+00 -7.515887e+00
1.933748e-01 -1.094571e+00
6.581838e+00 -6.049908e+00
2.328116e+00 -1.418551e+00
7.954355e+00 -8.131455e+00
3.669274e+00 -2.956844e+00
-7.355644e+00 7.959533e+00
2.674625e-01 -1.364730e-01
-5.563680e+00 5.731580e+00
2.461748e+00 -3.411572e+00
-1.222580e-01 -4.083181e-02
7.843991e-01 -1.086775e+00
-2.203427e+00 2.349297e+00
2.186545e+00 -2.262723e+00
8.738768e+00 -8.778643e+00
9.311418e-01 -1.107796e+00
-3.360210e+00 3.128669e+00
-9.871075e+00 1.027286e+01
-7.015046e+00 7.560562e+00
-8.796522e+00 8.368154e+00
-8.998133e+00 9.385799e+00
7.767175e+00 -7.345587e+00
-2.387160e+00 2.485411e+00
-8.346571e+00 8.349405e+00
-9.384329e+00 8.687438e+00
1.007738e+00 -1.724754e+00
1.543389e+00 -2.667206e+00
2.370737e+00 -2.150226e+00
-1.696891e+00 1.989212e+00
4.837553e+00 -4.191902e+00
9.001903e+00 -8.387417e+00
-7.371103e-01 1.083670e+00
-6.707985e+00 6.483012e+00
-9.010071e+00 8.270602e+00
-1.797003e+00 1.590382e+00
9.291547e+00 -8.742007e+00
2.191121e+00 -2.609780e+00
-6.964635e+00 6.880660e+00
-6.718090e+00 6.301133e+00
3.181526e+00 -3.342015e+00
1.459350e+00 -1.308883e+00
6.232190e+00 -6.482807e+00
-8.195277e+00 8.357775e+00
-2.242356e+00 1.966605e+00
7.290899e+00 -6.561585e+00
2.591327e+00 -3.219898e+00
-8.628764e+00 9.259688e+00
9.543279e+00 -9.950006e+00
1.317972e-01 2.197800e-01
-5.897682e+00 5.556614e+00
4.142858e+00 -4.864411e+00
2.498448e+00 -2.917404e+00
5.120709e+00 -4.506974e+00
-4.000601e+00 4.381057e+00
4.294761e+00 -4.210446e+00
3.322795e+00 -3.639671e+00
7.121884e+00 -6.661874e+00
-6.889176e+00 8.058078e+00
-6.388260e+00 6.079163e+00
-4.674394e+00 4.467618e+00
1.808097e+00 -2.044265e+00
-8.993434e+00 9.637790e+00
6.578816e+00 -5.023457e+00
7.585986e+00 -7.935667e+00
4.282993e+00 -3.665835e+00
-2.885726e+00 3.102155e+00
-7.914609e+00 7.686227e+00
-9.748669e+00 9.642851e+00
5.061189e+00 -4.881242e+00
3.097508e+00 -2.827901e+00
9.016098e+00 -9.261742e+00
8.846923e+00 -9.272661e+00
-8.335215e+00 7.806029e+00
9.294104e+00 -8.987434e+00
9.574549e-03 -3.866451e-01
-8.557462e+00 8.489564e+00
9.236114e+00 -8.449884e+00
-3.151064e+00 3.294111e+00
-7.117264e+00 6.021931e+00
5.828754e+00 -5.939411e+00
-5.816343e+00 6.121967e+00
-9.956750e-01 1.708917e+00
8.748025e-01 -2.583581e-01
-3.591452e+00 2.740697e+00
-1.631567e+00 5.296850e-01
5.638435e+00 -5.588046e+00
-9.987158e-01 1.124291e+00
-2.034938e+00 2.836717e+00
6.004159e+00 -6.627580e+00
8.617301e+00 -9.292597e+00
1.126477e+00 -3.710990e-01
-5.885563e+00 6.208956e+00
-5.468949e+00 5.671877e+00
3.774135e+00 -3.522691e+00
-1.982352e+00 2.008016e+00
6.387872e+00 -6.660615e+00
7.899623e+00 -7.703542e+00
-2.457814e+00 3.256401e+00
-4.162165e+00 4.841293e+00
9.057074e+00 -9.732801e+00
6.025524e+00 -6.050031e+00
-6.848806e+00 7.580146e+00
7.906893e+00 -8.272604e+00
8.411044e+00 -8.819377e+00
-6.090581e+00 6.029963e+00
6.063685e+00 -6.927249e+00
5.534815e+00 -5.491493e+00
1.252775e+00 -2.680004e+00
7.542576e-01 -1.111732e-01
-2.456055e+00 1.930937e+00
8.481406e+00 -8.463265e+00
-6.538207e+00 6.930226e+00
-4.965114e+00 5.056444e+00
-5.501070e+00 4.786592e+00
7.040675e+00 -6.456669e+00
-3.578178e+00 3.342397e+00
4.631197e+00 -4.117970e+00
-4.762686e+00 6.140471e+00
-6.236096e+00 6.757567e+00
9.015471e+00 -9.552835e+00
9.296123e+00 -8.691399e+00
-9.334053e+00 8.676334e+00
2.314458e+00 -2.667653e+00
6.184052e+00 -6.338798e+00
-7.458924e+00 7.442725e+00
-7.763733e+00 7.662142e+00
-7.601281e+00 7.944761e+00
8.043405e-01 1.182492e-01
-8.700165e+00 9.217505e+00
-9.395194e+00 9.935348e+00
-1.799083e+00 2.051180e+00
-9.237095e+00 9.707702e+00
8.130317e+00 -8.116764e+00
2.713593e+00 -3.688346e+00
2.664049e+00 -2.787583e+00
-5.698310e+00 6.666018e+00
8.573423e+00 -9.966266e+00
-2.026541e+00 1.971583e+00
7.582350e+00 -6.695517e+00
8.990212e+00 -7.927385e+00
