# ===== no_noise =====
# r T
1.092260e+00 1.141534e+00
7.568322e+00 2.082090e+01
2.833144e+00 4.768732e+00
4.492092e+00 9.520789e+00
9.616323e-01 9.430041e-01
2.937927e+00 5.035718e+00
7.836753e+00 2.193837e+01
1.600720e+00 2.025225e+00
6.506880e+00 1.659813e+01
9.182516e+00 2.782547e+01
6.830384e+00 1.785121e+01
8.129115e+00 2.317741e+01
1.178819e+00 1.279884e+00
2.582245e+00 4.149504e+00
8.955935e+00 2.680195e+01
7.179546e+00 1.923736e+01
6.431583e+00 1.631086e+01
6.671291e+00 1.723117e+01
4.200585e+00 8.609239e+00
5.411107e-01 3.980422e-01
7.865971e+00 2.206117e+01
6.819261e+00 1.780762e+01
4.780764e+00 1.045312e+01
9.007620e+00 2.703430e+01
3.427981e+00 6.346840e+00
3.013785e+00 5.232009e+00
8.740684e+00 2.584152e+01
7.990178e+00 2.258576e+01
5.198300e+00 1.185201e+01
1.394274e+00 1.646350e+00
2.229208e+00 3.328325e+00
6.596657e+00 1.694283e+01
3.911908e+00 7.737185e+00
8.381085e+00 2.426333e+01
9.504555e+00 2.930203e+01
8.075806e+00 2.294979e+01
3.837700e+00 7.518072e+00
7.907996e+00 2.223820e+01
3.579273e+00 6.771613e+00
1.754291e+00 2.323552e+00
4.305927e-01 2.825531e-01
3.918595e+00 7.757033e+00
9.045237e+00 2.720382e+01
2.465967e+00 3.872407e+00
2.144480e+00 3.140386e+00
9.701226e+00 3.021620e+01
3.475407e-01 2.048842e-01
7.879243e+00 2.211703e+01
3.281563e+00 5.944578e+00
4.711308e-01 3.233793e-01
9.186245e+00 2.784242e+01
1.482459e+00 1.804987e+00
5.562615e+00 1.311954e+01
2.813137e+00 4.718308e+00
7.454087e-01 6.435640e-01
5.942326e-01 4.580730e-01
1.244011e+00 1.387511e+00
8.065334e-01 7.243252e-01
7.629525e+00 2.107397e+01
4.907105e+00 1.087021e+01
3.494632e+00 6.532841e+00
4.241852e+00 8.736416e+00
9.296573e+00 2.834551e+01
9.116443e+00 2.752568e+01
7.185197e+00 1.926008e+01
8.858356e+00 2.636511e+01
3.264515e+00 5.898317e+00
3.872982e+00 7.621988e+00
6.175751e+00 1.534739e+01
6.273897e+00 1.571470e+01
4.868828e+00 1.074328e+01
4.066513e+00 8.200365e+00
9.863185e+00 3.097603e+01
8.229124e+00 2.360643e+01
4.406304e+00 9.249360e+00
7.300196e+00 1.972431e+01
2.768661e+00 4.606856e+00
1.091676e+00 1.140620e+00
3.589067e+00 6.799428e+00
4.089431e+00 8.269786e+00
2.637175e-01 1.354280e-01
8.166441e+00 2.333723e+01
3.656015e+00 6.990559e+00
5.846140e+00 1.413526e+01
8.322356e-01 7.592231e-01
1.832469e+00 2.480589e+00
8.907968e+00 2.658692e+01
6.126007e+00 1.516234e+01
9.507812e+00 2.931709e+01
9.987625e+00 3.156410e+01
3.781415e+00 7.353287e+00
3.058150e+00 5.347961e+00
8.597725e+00 2.521014e+01
9.986253e+00 3.155759e+01
6.333448e+00 1.593897e+01
7.971893e+00 2.250827e+01
7.839284e+00 2.194899e+01
3.617863e+00 6.881422e+00
5.785277e+00 1.391510e+01
8.347264e+00 2.411661e+01
6.912327e+00 1.817341e+01
3.095218e-01 1.722014e-01
3.433386e+00 6.361858e+00
1.530309e+00 1.893080e+00
2.406425e+00 3.733004e+00
9.064346e+00 2.729007e+01
4.652436e-01 3.173369e-01
2.276027e+00 3.433730e+00
3.164737e+00 5.629974e+00
6.207152e+00 1.546460e+01
5.387607e+00 1.250529e+01
2.260868e+00 3.399482e+00
1.725987e+00 2.267546e+00
2.444301e+00 3.821483e+00
5.075043e+00 1.143298e+01
2.784660e+00 4.646846e+00
9.481265e+00 2.919439e+01
4.692266e+00 1.016422e+01
6.820806e-01 5.633178e-01
7.319737e+00 1.980356e+01
3.355568e+00 6.146801e+00
6.569540e+00 1.683846e+01
2.867984e+00 4.856967e+00
5.750363e+00 1.378932e+01
7.744310e+00 2.155133e+01
9.287287e+00 2.830305e+01
2.685159e+00 4.400023e+00
3.415084e+00 6.311056e+00
4.696238e+00 1.017712e+01
9.279031e+00 2.826532e+01
9.023730e+00 2.710685e+01
9.897950e-01 9.847316e-01
1.406105e+00 1.667350e+00
5.005541e+00 1.119893e+01
1.155531e+00 1.242145e+00
3.521251e+00 6.607625e+00
1.569015e+00 1.965354e+00
6.396800e+00 1.617872e+01
9.500005e+00 2.928099e+01
9.967664e+00 3.146952e+01
3.814887e+00 7.451137e+00
6.030225e+00 1.480813e+01
8.577050e+00 2.511926e+01
1.262875e+00 1.419189e+00
6.926688e+00 1.823007e+01
4.147552e+00 8.446714e+00
2.140847e+00 3.132409e+00
4.087261e+00 8.263205e+00
8.520068e-01 7.864382e-01
6.984531e+00 1.845890e+01
2.602152e+00 4.197581e+00
3.182916e+00 5.678554e+00
1.298705e+00 1.480014e+00
8.660125e+00 2.548510e+01
4.985098e+00 1.113040e+01
5.764254e+00 1.383932e+01
5.737384e+00 1.374266e+01
4.163882e+00 8.496647e+00
2.006046e+00 2.841263e+00
7.476814e+00 2.044442e+01
1.357857e+00 1.582272e+00
1.128351e+00 1.198577e+00
7.130436e+00 1.904031e+01
2.167487e+00 3.191057e+00
3.137050e+00 5.556256e+00
4.804752e+00 1.053189e+01
4.548578e+00 9.700932e+00
7.114933e+00 1.897825e+01
6.271975e+00 1.570748e+01
6.479522e+00 1.649356e+01
7.169138e+00 1.919554e+01
2.996866e+00 5.188012e+00
3.291100e+00 5.970512e+00
4.436178e+00 9.343582e+00
3.143876e+00 5.574398e+00
9.850885e+00 3.091810e+01
8.159114e+00 2.330583e+01
1.730081e+00 2.275620e+00
1.553821e-01 6.124937e-02
5.235544e-01 3.788285e-01
2.516228e+00 3.991398e+00
1.231484e+00 1.366605e+00
5.380047e+00 1.247898e+01
8.594153e+00 2.519443e+01
7.393827e+00 2.010499e+01
2.234530e+00 3.340252e+00
4.053063e+00 8.159715e+00
5.128153e+00 1.161292e+01
8.121038e+00 2.314287e+01
8.407304e+00 2.437727e+01
9.106211e+00 2.747936e+01
5.141528e+00 1.165838e+01
6.973320e+00 1.841448e+01
1.206824e+00 1.325763e+00
5.696361e+00 1.359553e+01
2.562049e+00 4.100918e+00
4.373997e+00 9.147823e+00
6.377100e+00 1.610404e+01
2.644161e+00 4.299637e+00
6.166321e-01 4.842160e-01
2.013152e-01 9.032642e-02
3.193794e-01 1.804930e-01
1.826624e-01 7.806812e-02
1.192515e+00 1.302254e+00
2.470938e+00 3.884122e+00
2.290093e+00 3.465610e+00
9.869286e+00 3.100478e+01
3.129460e+00 5.536103e+00
1.361466e+00 1.588584e+00
5.501069e+00 1.290240e+01
8.593779e+00 2.519279e+01
6.812798e+00 1.778231e+01
3.031213e+00 5.277456e+00
5.660000e+00 1.346557e+01
7.177074e+00 1.922743e+01
7.308234e+00 1.975690e+01
6.698731e+00 1.733759e+01
8.721023e+00 2.575438e+01
8.714044e+00 2.572347e+01
5.831472e+00 1.408210e+01
4.355578e+00 9.090101e+00
6.451546e+00 1.638686e+01
8.200299e+00 2.348251e+01
1.559558e-01 6.158890e-02
9.920770e+00 3.124770e+01
1.910648e+00 2.641017e+00
4.755465e+00 1.037026e+01
8.733094e+00 2.580787e+01
2.327900e+00 3.551783e+00
4.820273e+00 1.058297e+01
1.412564e+00 1.678850e+00
4.011256e+00 8.033791e+00
1.853641e+00 2.523704e+00
3.699915e+00 7.116846e+00
3.797296e+00 7.399658e+00
9.932391e+00 3.130262e+01
9.948649e+00 3.137951e+01
1.236384e+00 1.374770e+00
7.287091e+00 1.967122e+01
6.122802e-01 4.790991e-01
3.989010e-01 2.519403e-01
1.142806e+00 1.221683e+00
9.658308e+00 3.001591e+01
9.414549e+00 2.888679e+01
2.019885e+00 2.870715e+00
1.700556e+00 2.217617e+00
2.481297e+00 3.908573e+00
5.203915e+00 1.187122e+01
5.740076e+00 1.375234e+01
2.293775e+00 3.473971e+00
7.590566e+00 2.091275e+01
3.164576e+00 5.629546e+00
9.229100e+00 2.803748e+01
6.601555e+00 1.696170e+01
4.419877e+00 9.292129e+00
7.920129e+00 2.228940e+01
8.197355e+00 2.346987e+01
2.975768e+00 5.133323e+00
3.463174e+00 6.444830e+00
9.365956e+00 2.866343e+01
1.730936e+00 2.277307e+00
5.172891e-01 3.720489e-01
4.595148e+00 9.850294e+00
8.031978e+00 2.276322e+01
7.739514e+00 2.153132e+01
9.203353e+00 2.792024e+01
5.378687e+00 1.247425e+01
1.090640e+00 1.138996e+00
5.928021e+00 1.443326e+01
7.806117e+00 2.180984e+01
1.023948e+00 1.036137e+00
1.809308e+00 2.433710e+00
2.216775e-01 1.043717e-01
5.977161e+00 1.461310e+01
8.878670e+00 2.645586e+01
6.739567e+00 1.749637e+01
9.822197e+00 3.078314e+01
7.240332e-01 6.160808e-01
9.039711e+00 2.717890e+01
8.159276e+00 2.330652e+01
3.210991e+00 5.753851e+00
9.737913e+00 3.038777e+01
2.950584e+00 5.068295e+00
8.904117e+00 2.656968e+01
8.819411e+00 2.619144e+01
7.600810e+00 2.095511e+01
5.678358e+00 1.353113e+01
1.288027e+00 1.461799e+00
5.366520e+00 1.243195e+01
3.632283e+00 6.922604e+00
7.942949e+00 2.238580e+01
7.605479e+00 2.097442e+01
9.115064e+00 2.751944e+01
2.468186e-01 1.226216e-01
8.110122e+00 2.309623e+01
9.390774e+00 2.877744e+01
7.914074e+00 2.226385e+01
1.388925e+00 1.636885e+00
9.046631e-01 8.604593e-01
3.063679e-01 1.695762e-01
6.324578e+00 1.590550e+01
6.333759e+00 1.594015e+01
9.870446e+00 3.101024e+01
4.040627e+00 8.122191e+00
3.385872e+00 6.230255e+00
6.281807e+00 1.574443e+01
8.273526e+00 2.379775e+01
9.374062e+00 2.870065e+01
8.050929e+00 2.284384e+01
4.324072e+00 8.991651e+00
6.385651e+00 1.613644e+01
8.577363e+00 2.512064e+01
4.957036e+00 1.103654e+01
2.245198e+00 3.364201e+00
1.780262e+00 2.375341e+00
1.015617e-01 3.236643e-02
7.210556e+00 1.936213e+01
1.199862e+00 1.314308e+00
2.514007e+00 3.986114e+00
3.048976e+00 5.323913e+00
5.647761e+00 1.342191e+01
4.039777e+00 8.119627e+00
6.779273e+00 1.765122e+01
6.508227e-01 5.250420e-01
1.326998e+00 1.528641e+00
5.042194e+00 1.132216e+01
3.435951e+00 6.368989e+00
3.028552e+00 5.270510e+00
7.635780e-01 6.672370e-01
8.967620e+00 2.685442e+01
6.949004e+00 1.831824e+01
1.304020e+00 1.489108e+00
7.439550e-01 6.416822e-01
9.751238e+00 3.045016e+01
6.843608e+00 1.790308e+01
4.232815e+00 8.708512e+00
7.047137e+00 1.870764e+01
7.587685e+00 2.090085e+01
7.821626e+00 2.187487e+01
4.830985e+00 1.061827e+01
4.355839e+00 9.090919e+00
2.091780e-01 9.566963e-02
9.272915e+00 2.823738e+01
6.072748e+00 1.496504e+01
2.111224e+00 3.067619e+00
9.204074e+00 2.792352e+01
9.157826e+00 2.771332e+01
9.892923e+00 3.111623e+01
8.753160e+00 2.589687e+01
9.978065e+00 3.151879e+01
2.522393e+00 4.006076e+00
8.438271e+00 2.451208e+01
8.247980e+00 2.368762e+01
2.386310e+00 3.686296e+00
1.074532e+00 1.113856e+00
9.796263e+00 3.066131e+01
3.030643e+00 5.275968e+00
8.721829e+00 2.575795e+01
1.408588e-01 5.286596e-02
3.081456e-01 1.710543e-01
4.712126e+00 1.022882e+01
2.463275e+00 3.866068e+00
6.929429e+00 1.824090e+01
5.699087e+00 1.360529e+01
8.671094e-01 8.074411e-01
1.710020e+00 2.236155e+00
3.941688e+00 7.825702e+00
1.937480e+00 2.696845e+00
7.943001e+00 2.238602e+01
4.219095e+00 8.666206e+00
1.024975e+00 1.037696e+00
4.894995e+00 1.083000e+01
9.992980e-01 9.989472e-01
1.376479e+00 1.614933e+00
2.472137e+00 3.886949e+00
8.609324e+00 2.526118e+01
9.253664e+00 2.814949e+01
8.279952e+00 2.382548e+01
3.407364e+00 6.289670e+00
2.797220e+00 4.678320e+00
5.536641e+00 1.302776e+01
7.246346e+00 1.950647e+01
9.934391e+00 3.131207e+01
1.402550e+00 1.661030e+00
5.879908e-01 4.508746e-01
6.974123e+00 1.841766e+01
8.339035e+00 2.408096e+01
8.478853e+00 2.468912e+01
6.816789e+00 1.779794e+01
9.544756e+00 2.948813e+01
5.158947e+00 1.171768e+01
9.146767e+00 2.766313e+01
9.681340e+00 3.012335e+01
8.486859e+00 2.472410e+01
3.166610e+00 5.634973e+00
2.042535e+00 2.919135e+00
5.526389e+00 1.299158e+01
4.584846e+00 9.817189e+00
8.789808e+00 2.605968e+01
1.090314e+00 1.138484e+00
2.651627e+00 4.317860e+00
7.542810e+00 2.071570e+01
1.040368e+00 1.061159e+00
3.275568e+00 5.928296e+00
3.932838e+00 7.799363e+00
6.263679e+00 1.567632e+01
1.665513e+00 2.149424e+00
8.619984e+00 2.530811e+01
4.530668e+00 9.643693e+00
9.178515e+00 2.780729e+01
4.731912e+00 1.029331e+01
2.822899e+00 4.742888e+00
1.504105e+00 1.844665e+00
1.370764e-01 5.075095e-02
5.368359e+00 1.243834e+01
1.160851e+00 1.250734e+00
3.978105e+00 7.934405e+00
5.933790e+00 1.445434e+01
2.829290e+00 4.759006e+00
1.834720e+00 2.485163e+00
7.769744e+00 2.165759e+01
9.473233e+00 2.915730e+01
1.094360e+00 1.144828e+00
1.640344e+00 2.100886e+00
9.604125e+00 2.976369e+01
4.740638e-01 3.264038e-01
9.778560e+00 3.057823e+01
1.459804e-01 5.577528e-02
8.749320e+00 2.587983e+01
3.142519e+00 5.570792e+00
9.392030e+00 2.878321e+01
3.237758e+00 5.825949e+00
6.577633e+00 1.686959e+01
8.923224e-01 8.429129e-01
2.499065e+00 3.950630e+00
7.759426e+00 2.161446e+01
5.333990e+00 1.231908e+01
9.286894e+00 2.830126e+01
4.344639e+00 9.055877e+00
8.711142e+00 2.571063e+01
4.544659e+00 9.688397e+00
9.794558e+00 3.065330e+01
9.602360e+00 2.975548e+01
3.358453e+00 6.154730e+00
8.870644e+00 2.642000e+01
8.491353e+00 2.474374e+01
2.185736e+00 3.231443e+00
6.280475e+00 1.573942e+01
8.195549e-01 7.419371e-01
8.383436e+00 2.427354e+01
1.828004e+00 2.471530e+00
8.010655e-01 7.169718e-01
4.062169e+00 8.187230e+00
5.811529e+00 1.400992e+01
8.563678e+00 2.506054e+01
9.745001e+00 3.042095e+01
4.450976e+00 9.390373e+00
6.984245e-01 5.836859e-01
7.516244e+00 2.060636e+01
5.695215e+00 1.359143e+01
4.534124e+00 9.654730e+00
3.161762e+00 5.622038e+00
5.073745e+00 1.142860e+01
3.452928e+00 6.416250e+00
7.594417e+00 2.092867e+01
5.484548e+00 1.284432e+01
8.780793e+00 2.601960e+01
5.481085e+00 1.283216e+01
2.458798e+00 3.855531e+00
8.525810e+00 2.489450e+01
5.616469e+00 1.331052e+01
2.147726e+00 3.147519e+00
6.272727e+00 1.571030e+01
3.641396e+00 6.948673e+00
8.459616e+00 2.460515e+01
4.587667e+00 9.826252e+00
7.291769e+00 1.969017e+01
1.045808e+00 1.069494e+00
4.020641e+00 8.062003e+00
9.834090e+00 3.083907e+01
8.103757e+00 2.306904e+01
1.683414e+00 2.184170e+00
2.849864e+00 4.811010e+00
3.365177e+00 6.173220e+00
6.538619e+00 1.671972e+01
7.594248e+00 2.092797e+01
7.520313e+00 2.062310e+01
5.147753e+00 1.167956e+01
8.127123e+00 2.316889e+01
4.427073e+00 9.314832e+00
1.326418e+00 1.527638e+00
5.687974e+00 1.356552e+01
9.527784e+00 2.940951e+01
7.950637e+00 2.241831e+01
5.829136e+00 1.407364e+01
6.503376e+00 1.658473e+01
9.312564e+00 2.841868e+01
4.340594e+00 9.043233e+00
3.380802e+00 6.216266e+00
9.774691e+00 3.056009e+01
8.648087e+00 2.543197e+01
3.298131e+00 5.989657e+00
4.691428e+00 1.016149e+01
4.209273e+00 8.635962e+00
1.576047e+00 1.978581e+00
9.582411e+00 2.966280e+01
4.102693e+00 8.310048e+00
8.765758e+00 2.595280e+01
1.974627e+00 2.774773e+00
5.523921e+00 1.298288e+01
3.372177e-01 1.958238e-01
7.665783e+00 2.122437e+01
5.851048e+00 1.415306e+01
6.293337e+00 1.578779e+01
6.120367e-01 4.788133e-01
2.189279e+00 3.239305e+00
8.358756e-01 7.642096e-01
2.960252e+00 5.093226e+00
6.311646e+00 1.585674e+01
5.705241e+00 1.362734e+01
6.160283e+00 1.528977e+01
5.537588e+00 1.303110e+01
2.802985e+00 4.692791e+00
2.520624e+00 4.001862e+00
1.456891e+00 1.758493e+00
8.505802e+00 2.480692e+01
6.203146e+00 1.544963e+01
1.946459e+00 2.715613e+00
1.854373e+00 2.525199e+00
8.743052e+00 2.585203e+01
7.453036e+00 2.034697e+01
6.628051e+00 1.706392e+01
4.127955e+00 8.386918e+00
2.693558e+00 4.420684e+00
9.796563e+00 3.066271e+01
7.992672e+00 2.259633e+01
3.087614e+00 5.425435e+00
8.490891e+00 2.474172e+01
7.613426e+00 2.100730e+01
3.041097e+00 5.303292e+00
4.322873e+00 8.987911e+00
1.940939e+00 2.704070e+00
1.199419e+00 1.313580e+00
7.255344e+00 1.954281e+01
2.748367e+00 4.556299e+00
8.218588e+00 2.356111e+01
9.956526e+00 3.141679e+01
8.585362e-01 7.954958e-01
4.783048e+00 1.046061e+01
8.040419e+00 2.279912e+01
7.910614e+00 2.224925e+01
7.623972e+00 2.105096e+01
3.555050e+00 6.702990e+00
4.593147e+00 9.843863e+00
5.990187e+00 1.466090e+01
9.742012e+00 3.040696e+01
3.342718e+00 6.111525e+00
9.239124e+00 2.808318e+01
2.766633e+00 4.601797e+00
9.891837e+00 3.111111e+01
6.735610e+00 1.748097e+01
4.688764e+00 1.015284e+01
6.172565e+00 1.533552e+01
2.798059e+00 4.680424e+00
2.814321e+00 4.721288e+00
1.224190e+00 1.354482e+00
1.229098e+00 1.362636e+00
3.541950e+00 6.665975e+00
7.652269e+00 2.116827e+01
6.118915e+00 1.513602e+01
1.115587e+00 1.178298e+00
8.537142e+00 2.494415e+01
6.053540e+00 1.489409e+01
9.612470e+00 2.980249e+01
6.734836e+00 1.747795e+01
1.834231e+00 2.484169e+00
4.790455e+00 1.048492e+01
6.520126e+00 1.664884e+01
3.798205e-01 2.340818e-01
2.476116e-01 1.232130e-01
1.381090e+00 1.623053e+00
2.591478e+00 4.171779e+00
4.352536e+00 9.080580e+00
4.925661e+00 1.093193e+01
1.466473e+00 1.775870e+00
6.766577e+00 1.760166e+01
6.001767e+00 1.470343e+01
3.015195e+00 5.235679e+00
2.352328e-01 1.140898e-01
8.687144e-01 8.096839e-01
3.977778e+00 7.933428e+00
1.624346e+00 2.070226e+00
3.830514e+00 7.496967e+00
6.319008e+00 1.588449e+01
5.517651e+00 1.296078e+01
2.388641e+00 3.691700e+00
3.503843e+00 6.558687e+00
6.178909e+00 1.535917e+01
8.622465e+00 2.531903e+01
7.556813e+00 2.077342e+01
5.578660e+00 1.317634e+01
3.686701e+00 7.078754e+00
3.714008e+00 7.157547e+00
8.806231e+00 2.613275e+01
4.885114e-01 3.414382e-01
9.881028e+00 3.106013e+01
6.677317e+00 1.725452e+01
6.843263e+00 1.790172e+01
4.761786e-01 3.285903e-01
6.094740e+00 1.504641e+01
4.899303e+00 1.084430e+01
1.147211e+00 1.228754e+00
2.851428e+00 4.814970e+00
8.914113e+00 2.661443e+01
5.544885e+00 1.305686e+01
4.192824e+00 8.585389e+00
8.195533e-01 7.419350e-01
7.169803e+00 1.919821e+01
7.058223e+00 1.875180e+01
6.179032e+00 1.535963e+01
5.151600e+00 1.169266e+01
4.394466e+00 9.212110e+00
5.973384e+00 1.459925e+01
2.410615e+00 3.742758e+00
9.418465e+00 2.890481e+01
5.929066e+00 1.443708e+01
3.180805e+00 5.672906e+00
4.551831e+00 9.711339e+00
8.076279e+00 2.295181e+01
1.699999e+00 2.216527e+00
2.999073e+00 5.193743e+00
6.827129e+00 1.783845e+01
3.223343e+00 5.787084e+00
7.945767e+00 2.239771e+01
1.391490e+00 1.641421e+00
7.650593e+00 2.116132e+01
7.766820e-01 6.844864e-01
2.246669e-01 1.064899e-01
8.992413e+00 2.696586e+01
5.855258e+00 1.416834e+01
3.583086e+00 6.782439e+00
2.402687e+00 3.724310e+00
6.207169e+00 1.546466e+01
5.139122e+00 1.165020e+01
9.916818e+00 3.122903e+01
9.833838e+00 3.083789e+01
6.386743e+00 1.614058e+01
4.484418e+00 9.496403e+00
4.962296e+00 1.105411e+01
6.856543e+00 1.795386e+01
1.105588e+00 1.162492e+00
3.350686e+00 6.133389e+00
8.451952e-01 7.770259e-01
8.262715e-01 7.510765e-01
2.038808e+00 2.911150e+00
4.904007e+00 1.085992e+01
7.869266e+00 2.207503e+01
4.906409e+00 1.086790e+01
3.421218e+00 6.328069e+00
9.152946e-01 8.756718e-01
5.547926e+00 1.306760e+01
2.785559e+00 4.649096e+00
6.187848e+00 1.539251e+01
9.774159e+00 3.055759e+01
1.202012e+00 1.317841e+00
2.200041e+00 3.263220e+00
4.783636e+00 1.046254e+01
9.689277e+00 3.016040e+01
7.740917e+00 2.153717e+01
8.992469e+00 2.696612e+01
3.403777e+00 6.279740e+00
9.921181e+00 3.124964e+01
1.118045e+00 1.182194e+00
6.244318e-01 4.934322e-01
8.570466e+00 2.509035e+01
9.279922e+00 2.826939e+01
9.967950e-01 9.951964e-01
1.222932e+00 1.352394e+00
4.284242e-01 2.804213e-01
1.134625e+00 1.208588e+00
2.173256e+00 3.203807e+00
9.703759e+00 3.022804e+01
6.711816e+00 1.738842e+01
7.807675e+00 2.181637e+01
7.783780e+00 2.171630e+01
5.397230e+00 1.253881e+01
7.995141e+00 2.260680e+01
5.998495e+00 1.469141e+01
3.214006e+00 5.761958e+00
5.654990e+00 1.344769e+01
5.381735e+00 1.248485e+01
8.252185e+00 2.370574e+01
9.819099e+00 3.076858e+01
4.169321e+00 8.513302e+00
7.657568e+00 2.119026e+01
1.087654e+00 1.134321e+00
7.790631e+00 2.174498e+01
3.777027e+00 7.340493e+00
4.899626e-01 3.429607e-01
3.696137e+00 7.105950e+00
6.145363e+00 1.523426e+01
1.280577e+00 1.449133e+00
9.247941e+00 2.812339e+01
8.689569e-01 8.100230e-01
9.307067e+00 2.839352e+01
7.100661e+00 1.892118e+01
3.364151e+00 6.170397e+00
3.968428e+00 7.905472e+00
7.434013e+00 2.026912e+01
6.054564e+00 1.489787e+01
6.749265e+00 1.753415e+01
3.952730e+00 7.858609e+00
4.929353e+00 1.094422e+01
9.899688e+00 3.114815e+01
2.217836e+00 3.302891e+00
4.236776e+00 8.720739e+00
2.989050e+00 5.167728e+00
7.674604e+00 2.126101e+01
7.663725e+00 2.121582e+01
2.995210e+00 5.183713e+00
9.057641e-01 8.620306e-01
2.131835e-01 9.843066e-02
4.331760e+00 9.015641e+00
4.162342e+00 8.491935e+00
9.885060e+00 3.107914e+01
4.751041e+00 1.035579e+01
2.638542e+00 4.285939e+00
8.923171e+00 2.665501e+01
4.961573e+00 1.105170e+01
6.031839e+00 1.481408e+01
1.047120e+00 1.071507e+00
3.890872e+00 7.674860e+00
9.447814e+00 2.904003e+01
5.936103e+00 1.446279e+01
3.510568e+00 6.577580e+00
6.294105e+00 1.579069e+01
9.113070e+00 2.751041e+01
2.812507e+00 4.716723e+00
5.100656e+00 1.151964e+01
9.591037e+00 2.970287e+01
1.806722e+00 2.428493e+00
7.224673e+00 1.941902e+01
6.183362e+00 1.537577e+01
6.828784e+00 1.784494e+01
3.577074e+00 6.765376e+00
3.207406e+00 5.744217e+00
6.873676e+00 1.802119e+01
2.233879e+00 3.338792e+00
4.254582e+00 8.775772e+00
1.962929e+00 2.750153e+00
1.822179e-01 7.778335e-02
9.703568e+00 3.022715e+01
4.373859e+00 9.147391e+00
9.696561e+00 3.019441e+01
1.489203e+00 1.817317e+00
5.914931e+00 1.438549e+01
2.089643e+00 3.020704e+00
7.921734e+00 2.229618e+01
7.858660e+00 2.203042e+01
1.214811e+00 1.338946e+00
9.129438e+00 2.758456e+01
2.026834e+00 2.885540e+00
6.168476e+00 1.532028e+01
9.857773e+00 3.095054e+01
8.835726e+00 2.626415e+01
9.569983e+00 2.960511e+01
3.491728e+00 6.524700e+00
1.145199e+00 1.225523e+00
1.964634e+00 2.753737e+00
5.054899e+00 1.136498e+01
7.952974e+00 2.242820e+01
1.586521e+00 1.998337e+00
6.631342e+00 1.707663e+01
3.303418e+00 6.004065e+00
3.477901e+00 6.485982e+00
6.652986e+00 1.716030e+01
4.723294e+00 1.026520e+01
8.139130e+00 2.322025e+01
1.643593e+00 2.107131e+00
7.920488e+00 2.229092e+01
7.359290e-01 6.313262e-01
2.021133e+00 2.873376e+00
6.595882e+00 1.693984e+01
8.563764e+00 2.506092e+01
2.601528e+00 4.196071e+00
3.339197e+00 6.101871e+00
5.417495e+00 1.260950e+01
2.194571e+00 3.251056e+00
8.130447e+00 2.318311e+01
7.759003e+00 2.161269e+01
1.538388e+00 1.908090e+00
4.691914e+00 1.016307e+01
7.770795e+00 2.166198e+01
3.439562e+00 6.379032e+00
6.367758e+00 1.606866e+01
5.971099e-01 4.614041e-01
6.126019e+00 1.516238e+01
1.611265e+00 2.045268e+00
8.322775e+00 2.401056e+01
3.618950e+00 6.884522e+00
2.887383e+00 4.906329e+00
8.424801e+00 2.445341e+01
5.964258e-01 4.606114e-01
4.026427e+00 8.079412e+00
3.763035e+00 7.299740e+00
2.919524e+00 4.988477e+00
9.126368e+00 2.757065e+01
7.534191e+00 2.068021e+01
7.328393e-01 6.273547e-01
7.175406e+00 1.922072e+01
5.320261e+00 1.227155e+01
9.018592e+00 2.708371e+01
3.198162e+00 5.719402e+00
5.784204e+00 1.391123e+01
5.057477e+00 1.137368e+01
4.946653e+00 1.100189e+01
4.615443e+00 9.915626e+00
2.135732e+00 3.121189e+00
7.581528e+00 2.087542e+01
4.568227e+00 9.763858e+00
9.589311e+00 2.969485e+01
2.682003e+00 4.392270e+00
6.859164e+00 1.796415e+01
9.413099e+00 2.888012e+01
6.668237e+00 1.721934e+01
8.725602e+00 2.577467e+01
8.292062e+00 2.387777e+01
3.665165e+00 7.016820e+00
6.041227e+00 1.484868e+01
1.646987e+00 2.113661e+00
5.401706e+00 1.255441e+01
2.381178e+00 3.674410e+00
7.462994e+00 2.038777e+01
5.327778e+00 1.229757e+01
4.171151e+00 8.518906e+00
2.761091e+00 4.587976e+00
9.987115e+00 3.156168e+01
8.099342e-01 7.289111e-01
5.312507e-01 3.872125e-01
2.250848e+00 3.376909e+00
9.713617e+00 3.027412e+01
9.794458e+00 3.065283e+01
6.583785e+00 1.689326e+01
8.813056e+00 2.616314e+01
2.218221e+00 3.303751e+00
9.723217e+00 3.031901e+01
1.513570e+00 1.862103e+00
1.101139e+00 1.155483e+00
1.210894e+00 1.332476e+00
5.773966e+00 1.387431e+01
7.831647e+00 2.191692e+01
3.730005e+00 7.203841e+00
9.781170e+00 3.059048e+01
4.400759e+00 9.231907e+00
1.589441e+00 2.003856e+00
4.713071e+00 1.023189e+01
6.822468e+00 1.782019e+01
8.339035e+00 2.408096e+01
4.641806e+00 1.000070e+01
5.976708e+00 1.461144e+01
2.746713e+00 4.552184e+00
6.494574e+00 1.655107e+01
9.861122e+00 3.096631e+01
5.856304e-01 4.481624e-01
8.876654e+00 2.644685e+01
5.666597e+00 1.348912e+01
2.595777e+00 4.182163e+00
9.553408e+00 2.952824e+01
4.885208e+00 1.079753e+01
3.383733e+00 6.224353e+00
1.896827e+00 2.612410e+00
2.520077e+00 4.000559e+00
8.345206e+00 2.410769e+01
6.182659e+00 1.537315e+01
9.141132e+00 2.763758e+01
2.396488e+00 3.709905e+00
1.299272e+00 1.480983e+00
1.602666e-01 6.416000e-02
5.127834e+00 1.161184e+01
9.983239e+00 3.154330e+01
6.980156e+00 1.844156e+01
3.153106e+00 5.598968e+00
8.780900e+00 2.602008e+01
7.839050e+00 2.194801e+01
2.526101e-01 1.269627e-01
8.186919e+00 2.342506e+01
3.075215e+00 5.392786e+00
1.581767e+00 1.989362e+00
2.340675e+00 3.581061e+00
4.738940e+00 1.031625e+01
4.306192e+00 8.935938e+00
2.959984e+00 5.092536e+00
1.804961e+00 2.424945e+00
7.646085e+00 2.114261e+01
9.902087e+00 3.115947e+01
7.800137e+00 2.178479e+01
3.029776e+00 5.273704e+00
2.523609e+00 4.008972e+00
2.254892e+00 3.386013e+00
1.453281e+00 1.751961e+00
5.558172e+00 1.310382e+01
6.093464e+00 1.504168e+01
7.084476e+00 1.885652e+01
6.834112e+00 1.786583e+01
2.994100e+00 5.180831e+00
3.370079e+00 6.186715e+00
6.846994e+00 1.791637e+01
3.559532e+00 6.715669e+00
2.204970e+00 3.274190e+00
3.805928e+00 7.424904e+00
2.793633e+00 4.669325e+00
9.742959e-01 9.616927e-01
8.318375e+00 2.399152e+01
8.545803e+00 2.498212e+01
2.275528e+00 3.432601e+00
7.412448e-01 6.381789e-01
7.414392e+00 2.018893e+01
2.194133e+00 3.250084e+00
3.995011e+00 7.985039e+00
7.349390e-01 6.300528e-01
2.340069e+00 3.579670e+00
7.949733e+00 2.241449e+01
8.063525e+00 2.289746e+01
2.150140e+00 3.152826e+00
3.425547e+00 6.340082e+00
1.428960e+00 1.708167e+00
8.343090e-01 7.620622e-01
9.922500e+00 3.125587e+01
6.590380e+00 1.691865e+01
5.466755e+00 1.278187e+01
7.678435e+00 2.127694e+01
8.416764e+00 2.441843e+01
8.086476e+00 2.299529e+01
2.637405e-01 1.354457e-01
1.949398e+00 2.721766e+00
6.583562e+00 1.689240e+01
3.820018e+00 7.466173e+00
9.826578e+00 3.080374e+01
6.687507e+00 1.729404e+01
9.569834e+00 2.960442e+01
2.094320e+00 3.030851e+00
8.653175e+00 2.545442e+01
3.281388e+00 5.944103e+00
9.896692e+00 3.113401e+01
1.661118e+00 2.140921e+00
5.211764e+00 1.189809e+01
7.949161e+00 2.241207e+01
4.383161e+00 9.176585e+00
4.734032e+00 1.030023e+01
9.864922e+00 3.098422e+01
4.310551e+00 8.949507e+00
6.080314e+00 1.499302e+01
6.399426e-01 5.119312e-01
8.437880e+00 2.451038e+01
6.516864e+00 1.663635e+01
4.099799e+00 8.301257e+00
2.600784e-01 1.326345e-01
5.957521e+00 1.454114e+01
2.253125e-01 1.069493e-01
1.119158e-01 3.744010e-02
6.199376e+00 1.543554e+01
1.971269e+00 2.767699e+00
1.999687e+00 2.827763e+00
6.567389e+00 1.683019e+01
6.316022e-01 5.019557e-01
3.202715e+00 5.731621e+00
1.579376e+00 1.984852e+00
5.843746e+00 1.412658e+01
6.651475e+00 1.715446e+01
7.239245e+00 1.947780e+01
2.626789e+00 4.257335e+00
9.835725e-01 9.754603e-01
8.789682e-01 8.240617e-01
4.318900e+00 8.975523e+00
9.463860e+00 2.911404e+01
2.255517e+00 3.387422e+00
2.641742e+00 4.293738e+00
1.098799e+00 1.151801e+00
6.095146e+00 1.504791e+01
6.830741e+00 1.785261e+01
6.465019e+00 1.643822e+01
8.625189e+00 2.533104e+01
4.915616e+00 1.089850e+01
1.431125e+00 1.712049e+00
2.965111e+00 5.105772e+00
6.658057e+00 1.717992e+01
6.169908e+00 1.532562e+01
5.356931e+00 1.239864e+01
6.861348e+00 1.797273e+01
6.410169e+00 1.622947e+01
8.825116e+00 2.621686e+01
5.901562e+00 1.433674e+01
7.808153e+00 2.181838e+01
2.562201e+00 4.101283e+00
6.814008e+00 1.778705e+01
9.031722e+00 2.714287e+01
3.918750e+00 7.757492e+00
7.813131e+00 2.183925e+01
7.275414e+00 1.962396e+01
6.893093e-01 5.722967e-01


# ===== low_noise =====
# r T
1.092260e+00 1.300059e+00
7.568322e+00 2.068809e+01
2.833144e+00 4.933790e+00
4.492092e+00 9.495458e+00
9.616323e-01 9.464540e-01
2.937927e+00 4.929727e+00
7.836753e+00 2.186314e+01
1.600720e+00 1.976174e+00
6.506880e+00 1.649614e+01
9.182516e+00 2.780510e+01
6.830384e+00 1.781151e+01
8.129115e+00 2.335792e+01
1.178819e+00 1.166163e+00
2.582245e+00 4.159520e+00
8.955935e+00 2.682612e+01
7.179546e+00 1.913297e+01
6.431583e+00 1.637785e+01
6.671291e+00 1.719232e+01
4.200585e+00 8.366147e+00
5.411107e-01 4.623998e-01
7.865971e+00 2.195223e+01
6.819261e+00 1.770543e+01
4.780764e+00 1.052021e+01
9.007620e+00 2.700044e+01
3.427981e+00 6.436354e+00
3.013785e+00 5.350041e+00
8.740684e+00 2.577862e+01
7.990178e+00 2.266313e+01
5.198300e+00 1.177833e+01
1.394274e+00 1.864154e+00
2.229208e+00 3.260739e+00
6.596657e+00 1.704290e+01
3.911908e+00 7.819483e+00
8.381085e+00 2.429416e+01
9.504555e+00 2.923663e+01
8.075806e+00 2.293503e+01
3.837700e+00 7.308025e+00
7.907996e+00 2.226009e+01
3.579273e+00 6.805713e+00
1.754291e+00 2.336573e+00
4.305927e-01 -7.444413e-03
3.918595e+00 7.633591e+00
9.045237e+00 2.713086e+01
2.465967e+00 3.900853e+00
2.144480e+00 3.168607e+00
9.701226e+00 3.019960e+01
3.475407e-01 2.668421e-01
7.879243e+00 2.201693e+01
3.281563e+00 6.004097e+00
4.711308e-01 3.696826e-01
9.186245e+00 2.787925e+01
1.482459e+00 1.787232e+00
5.562615e+00 1.329810e+01
2.813137e+00 4.766411e+00
7.454087e-01 5.491186e-01
5.942326e-01 4.822912e-01
1.244011e+00 1.460904e+00
8.065334e-01 6.669648e-01
7.629525e+00 2.118021e+01
4.907105e+00 1.090747e+01
3.494632e+00 6.304371e+00
4.241852e+00 8.765644e+00
9.296573e+00 2.830591e+01
9.116443e+00 2.757808e+01
7.185197e+00 1.935217e+01
8.858356e+00 2.638415e+01
3.264515e+00 6.060735e+00
3.872982e+00 7.604558e+00
6.175751e+00 1.540833e+01
6.273897e+00 1.579321e+01
4.868828e+00 1.073378e+01
4.066513e+00 8.276322e+00
9.863185e+00 3.091803e+01
8.229124e+00 2.356522e+01
4.406304e+00 9.121348e+00
7.300196e+00 1.974785e+01
2.768661e+00 4.638579e+00
1.091676e+00 1.255638e+00
3.589067e+00 6.876591e+00
4.089431e+00 8.242009e+00
2.637175e-01 2.051581e-02
8.166441e+00 2.337944e+01
3.656015e+00 7.098895e+00
5.846140e+00 1.420892e+01
8.322356e-01 8.649962e-01
1.832469e+00 2.459923e+00
8.907968e+00 2.654140e+01
6.126007e+00 1.509047e+01
9.507812e+00 2.931164e+01
9.987625e+00 3.155643e+01
3.781415e+00 7.373445e+00
3.058150e+00 5.335350e+00
8.597725e+00 2.519711e+01
9.986253e+00 3.148184e+01
6.333448e+00 1.603081e+01
7.971893e+00 2.251574e+01
7.839284e+00 2.193198e+01
3.617863e+00 6.808523e+00
5.785277e+00 1.378519e+01
8.347264e+00 2.424418e+01
6.912327e+00 1.822751e+01
3.095218e-01 1.381476e-02
3.433386e+00 6.436290e+00
1.530309e+00 1.983053e+00
2.406425e+00 3.745135e+00
9.064346e+00 2.744594e+01
4.652436e-01 3.384743e-01
2.276027e+00 3.295542e+00
3.164737e+00 5.665590e+00
6.207152e+00 1.548848e+01
5.387607e+00 1.244645e+01
2.260868e+00 3.455424e+00
1.725987e+00 2.104893e+00
2.444301e+00 3.918096e+00
5.075043e+00 1.134734e+01
2.784660e+00 4.550781e+00
9.481265e+00 2.918329e+01
4.692266e+00 1.020645e+01
6.820806e-01 5.793060e-01
7.319737e+00 1.973113e+01
3.355568e+00 6.097440e+00
6.569540e+00 1.672795e+01
2.867984e+00 4.835053e+00
5.750363e+00 1.389417e+01
7.744310e+00 2.155091e+01
9.287287e+00 2.838687e+01
2.685159e+00 4.541974e+00
3.415084e+00 6.253705e+00
4.696238e+00 1.015893e+01
9.279031e+00 2.847709e+01
9.023730e+00 2.724773e+01
9.897950e-01 8.216158e-01
1.406105e+00 1.705110e+00
5.005541e+00 1.119898e+01
1.155531e+00 1.322752e+00
3.521251e+00 6.534965e+00
1.569015e+00 1.883464e+00
6.396800e+00 1.611278e+01
9.500005e+00 2.922521e+01
9.967664e+00 3.154904e+01
3.814887e+00 7.335930e+00
6.030225e+00 1.474741e+01
8.577050e+00 2.494477e+01
1.262875e+00 1.517417e+00
6.926688e+00 1.835404e+01
4.147552e+00 8.414814e+00
2.140847e+00 3.103349e+00
4.087261e+00 8.307409e+00
8.520068e-01 9.302499e-01
6.984531e+00 1.849875e+01
2.602152e+00 4.129547e+00
3.182916e+00 5.520664e+00
1.298705e+00 1.371251e+00
8.660125e+00 2.549224e+01
4.985098e+00 1.106648e+01
5.764254e+00 1.385833e+01
5.737384e+00 1.368873e+01
4.163882e+00 8.393442e+00
2.006046e+00 2.726462e+00
7.476814e+00 2.059681e+01
1.357857e+00 1.668978e+00
1.128351e+00 1.367361e+00
7.130436e+00 1.909298e+01
2.167487e+00 3.149119e+00
3.137050e+00 5.685326e+00
4.804752e+00 1.052867e+01
4.548578e+00 9.722472e+00
7.114933e+00 1.897408e+01
6.271975e+00 1.542006e+01
6.479522e+00 1.665008e+01
7.169138e+00 1.924343e+01
2.996866e+00 5.220181e+00
3.291100e+00 5.964487e+00
4.436178e+00 9.359522e+00
3.143876e+00 5.516144e+00
9.850885e+00 3.097824e+01
8.159114e+00 2.317834e+01
1.730081e+00 2.293768e+00
1.553821e-01 1.160217e-01
5.235544e-01 3.594516e-01
2.516228e+00 4.027570e+00
1.231484e+00 1.269917e+00
5.380047e+00 1.238478e+01
8.594153e+00 2.521752e+01
7.393827e+00 2.017118e+01
2.234530e+00 3.157389e+00
4.053063e+00 8.210629e+00
5.128153e+00 1.155994e+01
8.121038e+00 2.312407e+01
8.407304e+00 2.424662e+01
9.106211e+00 2.739630e+01
5.141528e+00 1.175261e+01
6.973320e+00 1.841768e+01
1.206824e+00 1.288429e+00
5.696361e+00 1.358417e+01
2.562049e+00 4.148633e+00
4.373997e+00 9.190786e+00
6.377100e+00 1.609672e+01
2.644161e+00 4.406237e+00
6.166321e-01 5.788688e-01
2.013152e-01 1.306441e-01
3.193794e-01 1.858195e-01
1.826624e-01 1.421791e-01
1.192515e+00 1.332906e+00
2.470938e+00 3.987586e+00
2.290093e+00 3.553347e+00
9.869286e+00 3.090546e+01
3.129460e+00 5.430185e+00
1.361466e+00 1.520188e+00
5.501069e+00 1.299761e+01
8.593779e+00 2.503905e+01
6.812798e+00 1.782081e+01
3.031213e+00 5.312816e+00
5.660000e+00 1.357896e+01
7.177074e+00 1.924502e+01
7.308234e+00 1.962589e+01
6.698731e+00 1.724402e+01
8.721023e+00 2.563910e+01
8.714044e+00 2.567101e+01
5.831472e+00 1.406426e+01
4.355578e+00 8.976431e+00
6.451546e+00 1.653030e+01
8.200299e+00 2.335325e+01
1.559558e-01 1.928793e-01
9.920770e+00 3.136330e+01
1.910648e+00 2.728631e+00
4.755465e+00 1.030259e+01
8.733094e+00 2.584127e+01
2.327900e+00 3.427197e+00
4.820273e+00 1.067181e+01
1.412564e+00 1.671634e+00
4.011256e+00 7.993868e+00
1.853641e+00 2.404348e+00
3.699915e+00 6.875206e+00
3.797296e+00 7.298365e+00
9.932391e+00 3.141116e+01
9.948649e+00 3.134022e+01
1.236384e+00 1.358255e+00
7.287091e+00 1.973516e+01
6.122802e-01 6.552126e-01
3.989010e-01 3.811729e-01
1.142806e+00 1.126848e+00
9.658308e+00 2.982645e+01
9.414549e+00 2.911693e+01
2.019885e+00 3.092018e+00
1.700556e+00 2.235997e+00
2.481297e+00 3.784658e+00
5.203915e+00 1.196517e+01
5.740076e+00 1.374180e+01
2.293775e+00 3.462952e+00
7.590566e+00 2.099999e+01
3.164576e+00 5.662159e+00
9.229100e+00 2.792183e+01
6.601555e+00 1.693003e+01
4.419877e+00 9.356614e+00
7.920129e+00 2.233917e+01
8.197355e+00 2.349542e+01
2.975768e+00 5.224363e+00
3.463174e+00 6.409550e+00
9.365956e+00 2.868086e+01
1.730936e+00 1.948075e+00
5.172891e-01 3.281929e-01
4.595148e+00 9.924801e+00
8.031978e+00 2.272515e+01
7.739514e+00 2.148584e+01
9.203353e+00 2.781866e+01
5.378687e+00 1.257211e+01
1.090640e+00 1.192490e+00
5.928021e+00 1.451377e+01
7.806117e+00 2.164148e+01
1.023948e+00 1.020488e+00
1.809308e+00 2.406390e+00
2.216775e-01 7.700646e-02
5.977161e+00 1.455302e+01
8.878670e+00 2.642210e+01
6.739567e+00 1.757924e+01
9.822197e+00 3.059657e+01
7.240332e-01 7.894269e-01
9.039711e+00 2.722609e+01
8.159276e+00 2.330239e+01
3.210991e+00 5.842298e+00
9.737913e+00 3.024617e+01
2.950584e+00 5.003465e+00
8.904117e+00 2.655787e+01
8.819411e+00 2.632463e+01
7.600810e+00 2.095057e+01
5.678358e+00 1.357503e+01
1.288027e+00 1.404295e+00
5.366520e+00 1.247943e+01
3.632283e+00 7.086192e+00
7.942949e+00 2.248290e+01
7.605479e+00 2.096647e+01
9.115064e+00 2.758532e+01
2.468186e-01 1.789489e-01
8.110122e+00 2.314564e+01
9.390774e+00 2.888589e+01
7.914074e+00 2.237157e+01
1.388925e+00 1.624483e+00
9.046631e-01 9.230641e-01
3.063679e-01 1.322115e-01
6.324578e+00 1.581547e+01
6.333759e+00 1.591386e+01
9.870446e+00 3.100280e+01
4.040627e+00 7.960131e+00
3.385872e+00 6.314167e+00
6.281807e+00 1.547452e+01
8.273526e+00 2.406254e+01
9.374062e+00 2.884713e+01
8.050929e+00 2.281838e+01
4.324072e+00 8.992570e+00
6.385651e+00 1.616599e+01
8.577363e+00 2.506318e+01
4.957036e+00 1.105533e+01
2.245198e+00 3.350156e+00
1.780262e+00 2.366146e+00
1.015617e-01 5.006499e-02
7.210556e+00 1.923402e+01
1.199862e+00 1.318167e+00
2.514007e+00 4.002056e+00
3.048976e+00 5.336480e+00
5.647761e+00 1.340086e+01
4.039777e+00 8.230607e+00
6.779273e+00 1.761672e+01
6.508227e-01 5.472140e-01
1.326998e+00 1.655171e+00
5.042194e+00 1.131442e+01
3.435951e+00 6.389907e+00
3.028552e+00 5.261109e+00
7.635780e-01 7.879222e-01
8.967620e+00 2.682928e+01
6.949004e+00 1.844341e+01
1.304020e+00 1.479005e+00
7.439550e-01 5.578559e-01
9.751238e+00 3.051643e+01
6.843608e+00 1.787336e+01
4.232815e+00 8.769032e+00
7.047137e+00 1.844144e+01
7.587685e+00 2.090136e+01
7.821626e+00 2.183005e+01
4.830985e+00 1.051456e+01
4.355839e+00 9.036959e+00
2.091780e-01 3.971426e-02
9.272915e+00 2.823270e+01
6.072748e+00 1.483168e+01
2.111224e+00 3.098467e+00
9.204074e+00 2.805677e+01
9.157826e+00 2.774072e+01
9.892923e+00 3.119513e+01
8.753160e+00 2.600363e+01
9.978065e+00 3.163939e+01
2.522393e+00 4.188478e+00
8.438271e+00 2.446339e+01
8.247980e+00 2.361754e+01
2.386310e+00 3.762710e+00
1.074532e+00 1.182935e+00
9.796263e+00 3.073696e+01
3.030643e+00 5.460237e+00
8.721829e+00 2.575906e+01
1.408588e-01 9.443058e-02
3.081456e-01 7.543341e-02
4.712126e+00 1.043708e+01
2.463275e+00 3.833243e+00
6.929429e+00 1.821083e+01
5.699087e+00 1.357147e+01
8.671094e-01 7.445420e-01
1.710020e+00 2.165010e+00
3.941688e+00 7.774624e+00
1.937480e+00 2.563633e+00
7.943001e+00 2.230943e+01
4.219095e+00 8.856296e+00
1.024975e+00 1.109447e+00
4.894995e+00 1.092030e+01
9.992980e-01 1.113765e+00
1.376479e+00 1.793823e+00
2.472137e+00 3.714176e+00
8.609324e+00 2.514122e+01
9.253664e+00 2.807110e+01
8.279952e+00 2.377967e+01
3.407364e+00 6.260355e+00
2.797220e+00 4.634724e+00
5.536641e+00 1.304915e+01
7.246346e+00 1.950991e+01
9.934391e+00 3.124157e+01
1.402550e+00 1.448841e+00
5.879908e-01 3.540365e-01
6.974123e+00 1.836409e+01
8.339035e+00 2.405686e+01
8.478853e+00 2.457894e+01
6.816789e+00 1.775007e+01
9.544756e+00 2.937782e+01
5.158947e+00 1.170541e+01
9.146767e+00 2.755847e+01
9.681340e+00 3.004055e+01
8.486859e+00 2.459646e+01
3.166610e+00 5.620001e+00
2.042535e+00 2.834628e+00
5.526389e+00 1.308003e+01
4.584846e+00 9.856773e+00
8.789808e+00 2.605287e+01
1.090314e+00 1.060703e+00
2.651627e+00 4.354973e+00
7.542810e+00 2.078307e+01
1.040368e+00 1.075076e+00
3.275568e+00 6.084711e+00
3.932838e+00 7.844193e+00
6.263679e+00 1.576543e+01
1.665513e+00 2.162451e+00
8.619984e+00 2.537401e+01
4.530668e+00 9.565980e+00
9.178515e+00 2.776258e+01
4.731912e+00 1.032738e+01
2.822899e+00 4.776255e+00
1.504105e+00 1.894174e+00
1.370764e-01 1.580763e-01
5.368359e+00 1.229935e+01
1.160851e+00 1.155692e+00
3.978105e+00 7.956796e+00
5.933790e+00 1.438369e+01
2.829290e+00 5.088453e+00
1.834720e+00 2.535463e+00
7.769744e+00 2.164995e+01
9.473233e+00 2.910702e+01
1.094360e+00 1.097996e+00
1.640344e+00 2.103826e+00
9.604125e+00 2.977461e+01
4.740638e-01 2.818602e-01
9.778560e+00 3.055159e+01
1.459804e-01 1.868883e-01
8.749320e+00 2.601487e+01
3.142519e+00 5.595374e+00
9.392030e+00 2.865239e+01
3.237758e+00 5.878471e+00
6.577633e+00 1.702118e+01
8.923224e-01 9.765127e-01
2.499065e+00 4.022261e+00
7.759426e+00 2.175319e+01
5.333990e+00 1.232429e+01
9.286894e+00 2.836252e+01
4.344639e+00 8.989479e+00
8.711142e+00 2.573913e+01
4.544659e+00 9.818071e+00
9.794558e+00 3.059581e+01
9.602360e+00 2.967146e+01
3.358453e+00 6.164238e+00
8.870644e+00 2.639789e+01
8.491353e+00 2.480705e+01
2.185736e+00 3.187235e+00
6.280475e+00 1.590703e+01
8.195549e-01 6.161503e-01
8.383436e+00 2.439582e+01
1.828004e+00 2.396931e+00
8.010655e-01 5.418030e-01
4.062169e+00 8.210431e+00
5.811529e+00 1.398509e+01
8.563678e+00 2.495232e+01
9.745001e+00 3.025696e+01
4.450976e+00 9.389558e+00
6.984245e-01 6.788629e-01
7.516244e+00 2.066341e+01
5.695215e+00 1.359696e+01
4.534124e+00 9.701434e+00
3.161762e+00 5.619383e+00
5.073745e+00 1.128915e+01
3.452928e+00 6.277665e+00
7.594417e+00 2.090886e+01
5.484548e+00 1.282865e+01
8.780793e+00 2.610260e+01
5.481085e+00 1.290602e+01
2.458798e+00 3.914552e+00
8.525810e+00 2.486717e+01
5.616469e+00 1.317586e+01
2.147726e+00 3.187710e+00
6.272727e+00 1.576153e+01
3.641396e+00 6.715711e+00
8.459616e+00 2.452377e+01
4.587667e+00 9.758851e+00
7.291769e+00 1.970171e+01
1.045808e+00 9.911390e-01
4.020641e+00 8.058283e+00
9.834090e+00 3.081854e+01
8.103757e+00 2.305352e+01
1.683414e+00 2.114297e+00
2.849864e+00 4.748687e+00
3.365177e+00 6.067858e+00
6.538619e+00 1.675679e+01
7.594248e+00 2.098368e+01
7.520313e+00 2.054794e+01
5.147753e+00 1.182788e+01
8.127123e+00 2.313821e+01
4.427073e+00 9.464077e+00
1.326418e+00 1.465009e+00
5.687974e+00 1.336786e+01
9.527784e+00 2.944874e+01
7.950637e+00 2.244255e+01
5.829136e+00 1.407699e+01
6.503376e+00 1.652209e+01
9.312564e+00 2.841531e+01
4.340594e+00 8.993368e+00
3.380802e+00 6.186777e+00
9.774691e+00 3.064217e+01
8.648087e+00 2.544994e+01
3.298131e+00 6.049148e+00
4.691428e+00 1.013888e+01
4.209273e+00 8.602604e+00
1.576047e+00 1.866078e+00
9.582411e+00 2.962671e+01
4.102693e+00 7.986128e+00
8.765758e+00 2.589523e+01
1.974627e+00 2.766788e+00
5.523921e+00 1.303786e+01
3.372177e-01 1.696187e-01
7.665783e+00 2.125828e+01
5.851048e+00 1.394046e+01
6.293337e+00 1.578225e+01
6.120367e-01 3.150053e-01
2.189279e+00 3.121454e+00
8.358756e-01 7.459547e-01
2.960252e+00 5.217705e+00
6.311646e+00 1.589295e+01
5.705241e+00 1.362912e+01
6.160283e+00 1.528787e+01
5.537588e+00 1.296149e+01
2.802985e+00 4.639734e+00
2.520624e+00 4.043546e+00
1.456891e+00 1.623373e+00
8.505802e+00 2.486476e+01
6.203146e+00 1.541173e+01
1.946459e+00 2.796133e+00
1.854373e+00 2.618938e+00
8.743052e+00 2.568885e+01
7.453036e+00 2.029025e+01
6.628051e+00 1.698048e+01
4.127955e+00 8.210116e+00
2.693558e+00 4.319978e+00
9.796563e+00 3.090082e+01
7.992672e+00 2.265578e+01
3.087614e+00 5.612435e+00
8.490891e+00 2.482259e+01
7.613426e+00 2.093494e+01
3.041097e+00 5.266056e+00
4.322873e+00 9.045303e+00
1.940939e+00 2.746741e+00
1.199419e+00 1.257270e+00
7.255344e+00 1.939554e+01
2.748367e+00 4.876966e+00
8.218588e+00 2.354735e+01
9.956526e+00 3.138502e+01
8.585362e-01 8.065497e-01
4.783048e+00 1.043694e+01
8.040419e+00 2.281109e+01
7.910614e+00 2.237477e+01
7.623972e+00 2.103881e+01
3.555050e+00 6.589586e+00
4.593147e+00 9.828097e+00
5.990187e+00 1.461560e+01
9.742012e+00 3.054584e+01
3.342718e+00 6.225749e+00
9.239124e+00 2.809366e+01
2.766633e+00 4.477077e+00
9.891837e+00 3.099154e+01
6.735610e+00 1.748244e+01
4.688764e+00 1.018564e+01
6.172565e+00 1.529898e+01
2.798059e+00 4.633591e+00
2.814321e+00 4.663470e+00
1.224190e+00 1.352200e+00
1.229098e+00 1.130236e+00
3.541950e+00 6.558559e+00
7.652269e+00 2.110711e+01
6.118915e+00 1.525379e+01
1.115587e+00 1.098924e+00
8.537142e+00 2.496175e+01
6.053540e+00 1.491619e+01
9.612470e+00 2.992908e+01
6.734836e+00 1.760110e+01
1.834231e+00 2.478560e+00
4.790455e+00 1.043855e+01
6.520126e+00 1.658409e+01
3.798205e-01 2.105700e-01
2.476116e-01 8.088013e-02
1.381090e+00 1.677051e+00
2.591478e+00 4.212773e+00
4.352536e+00 9.138301e+00
4.925661e+00 1.105475e+01
1.466473e+00 1.957563e+00
6.766577e+00 1.761381e+01
6.001767e+00 1.481067e+01
3.015195e+00 5.201380e+00
2.352328e-01 2.296679e-01
8.687144e-01 9.132168e-01
3.977778e+00 8.031782e+00
1.624346e+00 2.079401e+00
3.830514e+00 7.431780e+00
6.319008e+00 1.574848e+01
5.517651e+00 1.295688e+01
2.388641e+00 3.841220e+00
3.503843e+00 6.528467e+00
6.178909e+00 1.543574e+01
8.622465e+00 2.540135e+01
7.556813e+00 2.074575e+01
5.578660e+00 1.330473e+01
3.686701e+00 6.795062e+00
3.714008e+00 7.038287e+00
8.806231e+00 2.604345e+01
4.885114e-01 2.614883e-01
9.881028e+00 3.109292e+01
6.677317e+00 1.728281e+01
6.843263e+00 1.794015e+01
4.761786e-01 3.867284e-01
6.094740e+00 1.495374e+01
4.899303e+00 1.072548e+01
1.147211e+00 1.267409e+00
2.851428e+00 4.753501e+00
8.914113e+00 2.646126e+01
5.544885e+00 1.315160e+01
4.192824e+00 8.721458e+00
8.195533e-01 8.938106e-01
7.169803e+00 1.921645e+01
7.058223e+00 1.881285e+01
6.179032e+00 1.549323e+01
5.151600e+00 1.163010e+01
4.394466e+00 9.320438e+00
5.973384e+00 1.462611e+01
2.410615e+00 3.831876e+00
9.418465e+00 2.892296e+01
5.929066e+00 1.456351e+01
3.180805e+00 5.694707e+00
4.551831e+00 9.566601e+00
8.076279e+00 2.309343e+01
1.699999e+00 2.124111e+00
2.999073e+00 5.315959e+00
6.827129e+00 1.782965e+01
3.223343e+00 5.901785e+00
7.945767e+00 2.250839e+01
1.391490e+00 1.683374e+00
7.650593e+00 2.121091e+01
7.766820e-01 7.257070e-01
2.246669e-01 -8.992581e-02
8.992413e+00 2.697741e+01
5.855258e+00 1.405949e+01
3.583086e+00 6.799136e+00
2.402687e+00 3.612834e+00
6.207169e+00 1.534909e+01
5.139122e+00 1.180673e+01
9.916818e+00 3.133334e+01
9.833838e+00 3.083748e+01
6.386743e+00 1.615860e+01
4.484418e+00 9.472223e+00
4.962296e+00 1.110970e+01
6.856543e+00 1.788792e+01
1.105588e+00 1.259415e+00
3.350686e+00 6.108704e+00
8.451952e-01 7.360767e-01
8.262715e-01 7.531943e-01
2.038808e+00 2.853494e+00
4.904007e+00 1.089198e+01
7.869266e+00 2.202262e+01
4.906409e+00 1.091360e+01
3.421218e+00 6.446671e+00
9.152946e-01 8.055137e-01
5.547926e+00 1.305487e+01
2.785559e+00 4.694092e+00
6.187848e+00 1.535000e+01
9.774159e+00 3.060288e+01
1.202012e+00 1.372011e+00
2.200041e+00 3.368874e+00
4.783636e+00 1.040344e+01
9.689277e+00 3.006844e+01
7.740917e+00 2.150717e+01
8.992469e+00 2.687173e+01
3.403777e+00 6.334797e+00
9.921181e+00 3.113633e+01
1.118045e+00 1.409742e+00
6.244318e-01 6.198288e-01
8.570466e+00 2.509157e+01
9.279922e+00 2.835399e+01
9.967950e-01 8.355531e-01
1.222932e+00 1.598508e+00
4.284242e-01 2.228555e-01
1.134625e+00 1.196836e+00
2.173256e+00 3.022791e+00
9.703759e+00 3.027547e+01
6.711816e+00 1.728051e+01
7.807675e+00 2.182629e+01
7.783780e+00 2.166322e+01
5.397230e+00 1.243370e+01
7.995141e+00 2.252835e+01
5.998495e+00 1.471343e+01
3.214006e+00 5.636970e+00
5.654990e+00 1.337466e+01
5.381735e+00 1.254955e+01
8.252185e+00 2.395957e+01
9.819099e+00 3.081516e+01
4.169321e+00 8.423839e+00
7.657568e+00 2.115445e+01
1.087654e+00 1.137402e+00
7.790631e+00 2.171089e+01
3.777027e+00 7.428571e+00
4.899626e-01 3.641717e-01
3.696137e+00 7.194496e+00
6.145363e+00 1.520359e+01
1.280577e+00 1.578414e+00
9.247941e+00 2.810715e+01
8.689569e-01 7.152993e-01
9.307067e+00 2.860588e+01
7.100661e+00 1.874318e+01
3.364151e+00 6.098345e+00
3.968428e+00 7.844316e+00
7.434013e+00 2.051377e+01
6.054564e+00 1.507410e+01
6.749265e+00 1.767986e+01
3.952730e+00 7.826359e+00
4.929353e+00 1.118086e+01
9.899688e+00 3.118408e+01
2.217836e+00 3.398207e+00
4.236776e+00 8.738265e+00
2.989050e+00 5.162904e+00
7.674604e+00 2.123646e+01
7.663725e+00 2.119538e+01
2.995210e+00 5.243061e+00
9.057641e-01 8.978449e-01
2.131835e-01 9.536114e-02
4.331760e+00 9.162871e+00
4.162342e+00 8.202577e+00
9.885060e+00 3.112887e+01
4.751041e+00 1.042579e+01
2.638542e+00 4.397806e+00
8.923171e+00 2.664868e+01
4.961573e+00 1.107198e+01
6.031839e+00 1.491024e+01
1.047120e+00 1.216945e+00
3.890872e+00 7.645548e+00
9.447814e+00 2.906607e+01
5.936103e+00 1.462651e+01
3.510568e+00 6.370416e+00
6.294105e+00 1.572339e+01
9.113070e+00 2.765338e+01
2.812507e+00 4.823283e+00
5.100656e+00 1.157060e+01
9.591037e+00 2.965911e+01
1.806722e+00 2.342486e+00
7.224673e+00 1.936136e+01
6.183362e+00 1.552676e+01
6.828784e+00 1.778364e+01
3.577074e+00 6.775268e+00
3.207406e+00 5.670705e+00
6.873676e+00 1.810339e+01
2.233879e+00 3.286248e+00
4.254582e+00 8.766254e+00
1.962929e+00 2.585967e+00
1.822179e-01 -7.957439e-02
9.703568e+00 3.022790e+01
4.373859e+00 9.018143e+00
9.696561e+00 3.039973e+01
1.489203e+00 1.616249e+00
5.914931e+00 1.430744e+01
2.089643e+00 3.022333e+00
7.921734e+00 2.226056e+01
7.858660e+00 2.192273e+01
1.214811e+00 1.245515e+00
9.129438e+00 2.748794e+01
2.026834e+00 2.857575e+00
6.168476e+00 1.551066e+01
9.857773e+00 3.095814e+01
8.835726e+00 2.637952e+01
9.569983e+00 2.965456e+01
3.491728e+00 6.633340e+00
1.145199e+00 9.524319e-01
1.964634e+00 2.724042e+00
5.054899e+00 1.149247e+01
7.952974e+00 2.237243e+01
1.586521e+00 2.170238e+00
6.631342e+00 1.722136e+01
3.303418e+00 5.958308e+00
3.477901e+00 6.436907e+00
6.652986e+00 1.706144e+01
4.723294e+00 1.020380e+01
8.139130e+00 2.310003e+01
1.643593e+00 2.148954e+00
7.920488e+00 2.214890e+01
7.359290e-01 6.902105e-01
2.021133e+00 2.934635e+00
6.595882e+00 1.677782e+01
8.563764e+00 2.521208e+01
2.601528e+00 4.246165e+00
3.339197e+00 6.174992e+00
5.417495e+00 1.253550e+01
2.194571e+00 3.311758e+00
8.130447e+00 2.329297e+01
7.759003e+00 2.160307e+01
1.538388e+00 2.103345e+00
4.691914e+00 1.016737e+01
7.770795e+00 2.177325e+01
3.439562e+00 6.407610e+00
6.367758e+00 1.612577e+01
5.971099e-01 2.983929e-01
6.126019e+00 1.519857e+01
1.611265e+00 1.973583e+00
8.322775e+00 2.392800e+01
3.618950e+00 7.054631e+00
2.887383e+00 4.885479e+00
8.424801e+00 2.435556e+01
5.964258e-01 4.255840e-01
4.026427e+00 7.952574e+00
3.763035e+00 7.439592e+00
2.919524e+00 4.920625e+00
9.126368e+00 2.762227e+01
7.534191e+00 2.081248e+01
7.328393e-01 5.785730e-01
7.175406e+00 1.927261e+01
5.320261e+00 1.217108e+01
9.018592e+00 2.732225e+01
3.198162e+00 5.810730e+00
5.784204e+00 1.389244e+01
5.057477e+00 1.129830e+01
4.946653e+00 1.099077e+01
4.615443e+00 9.882466e+00
2.135732e+00 3.311667e+00
7.581528e+00 2.075588e+01
4.568227e+00 9.777006e+00
9.589311e+00 2.969306e+01
2.682003e+00 4.380818e+00
6.859164e+00 1.795356e+01
9.413099e+00 2.886880e+01
6.668237e+00 1.730450e+01
8.725602e+00 2.583406e+01
8.292062e+00 2.391863e+01
3.665165e+00 6.720904e+00
6.041227e+00 1.487792e+01
1.646987e+00 1.952181e+00
5.401706e+00 1.261745e+01
2.381178e+00 3.818224e+00
7.462994e+00 2.029743e+01
5.327778e+00 1.227204e+01
4.171151e+00 8.460449e+00
2.761091e+00 4.708472e+00
9.987115e+00 3.157095e+01
8.099342e-01 8.974814e-01
5.312507e-01 4.275674e-01
2.250848e+00 3.400556e+00
9.713617e+00 3.028077e+01
9.794458e+00 3.073261e+01
6.583785e+00 1.672378e+01
8.813056e+00 2.617146e+01
2.218221e+00 3.296919e+00
9.723217e+00 3.038976e+01
1.513570e+00 1.843796e+00
1.101139e+00 1.054171e+00
1.210894e+00 1.333193e+00
5.773966e+00 1.376870e+01
7.831647e+00 2.172915e+01
3.730005e+00 7.274760e+00
9.781170e+00 3.064695e+01
4.400759e+00 9.277464e+00
1.589441e+00 2.130935e+00
4.713071e+00 1.016703e+01
6.822468e+00 1.768061e+01
8.339035e+00 2.407413e+01
4.641806e+00 9.966809e+00
5.976708e+00 1.452929e+01
2.746713e+00 4.544396e+00
6.494574e+00 1.649141e+01
9.861122e+00 3.078724e+01
5.856304e-01 4.051328e-01
8.876654e+00 2.633601e+01
5.666597e+00 1.351171e+01
2.595777e+00 4.118178e+00
9.553408e+00 2.963666e+01
4.885208e+00 1.095396e+01
3.383733e+00 6.290616e+00
1.896827e+00 2.461133e+00
2.520077e+00 4.147366e+00
8.345206e+00 2.426137e+01
6.182659e+00 1.537499e+01
9.141132e+00 2.776661e+01
2.396488e+00 3.656098e+00
1.299272e+00 1.298961e+00
1.602666e-01 -9.993337e-03
5.127834e+00 1.178050e+01
9.983239e+00 3.139787e+01
6.980156e+00 1.844152e+01
3.153106e+00 5.602298e+00
8.780900e+00 2.597004e+01
7.839050e+00 2.190475e+01
2.526101e-01 1.340094e-01
8.186919e+00 2.337023e+01
3.075215e+00 5.254088e+00
1.581767e+00 2.010335e+00
2.340675e+00 3.685751e+00
4.738940e+00 1.040106e+01
4.306192e+00 8.856962e+00
2.959984e+00 4.970499e+00
1.804961e+00 2.397227e+00
7.646085e+00 2.129553e+01
9.902087e+00 3.122244e+01
7.800137e+00 2.185345e+01
3.029776e+00 5.360495e+00
2.523609e+00 4.050011e+00
2.254892e+00 3.397777e+00
1.453281e+00 1.816558e+00
5.558172e+00 1.305055e+01
6.093464e+00 1.490372e+01
7.084476e+00 1.892704e+01
6.834112e+00 1.798655e+01
2.994100e+00 5.071765e+00
3.370079e+00 6.266880e+00
6.846994e+00 1.808030e+01
3.559532e+00 6.715450e+00
2.204970e+00 3.194407e+00
3.805928e+00 7.436902e+00
2.793633e+00 4.615629e+00
9.742959e-01 9.015408e-01
8.318375e+00 2.403377e+01
8.545803e+00 2.482570e+01
2.275528e+00 3.291769e+00
7.412448e-01 6.400604e-01
7.414392e+00 2.018675e+01
2.194133e+00 3.283592e+00
3.995011e+00 8.167936e+00
7.349390e-01 6.402464e-01
2.340069e+00 3.638012e+00
7.949733e+00 2.231934e+01
8.063525e+00 2.297236e+01
2.150140e+00 3.101485e+00
3.425547e+00 6.347048e+00
1.428960e+00 1.697550e+00
8.343090e-01 8.628120e-01
9.922500e+00 3.112811e+01
6.590380e+00 1.669596e+01
5.466755e+00 1.276106e+01
7.678435e+00 2.132263e+01
8.416764e+00 2.443328e+01
8.086476e+00 2.311548e+01
2.637405e-01 1.781043e-01
1.949398e+00 2.666772e+00
6.583562e+00 1.666560e+01
3.820018e+00 7.443027e+00
9.826578e+00 3.090400e+01
6.687507e+00 1.725580e+01
9.569834e+00 2.960719e+01
2.094320e+00 3.071948e+00
8.653175e+00 2.535539e+01
3.281388e+00 6.004890e+00
9.896692e+00 3.129368e+01
1.661118e+00 2.124066e+00
5.211764e+00 1.178797e+01
7.949161e+00 2.240557e+01
4.383161e+00 8.959632e+00
4.734032e+00 1.033309e+01
9.864922e+00 3.102833e+01
4.310551e+00 9.112938e+00
6.080314e+00 1.497409e+01
6.399426e-01 5.517722e-01
8.437880e+00 2.442637e+01
6.516864e+00 1.660158e+01
4.099799e+00 8.152500e+00
2.600784e-01 1.136360e-01
5.957521e+00 1.451136e+01
2.253125e-01 1.361314e-01
1.119158e-01 -2.338160e-02
6.199376e+00 1.544367e+01
1.971269e+00 2.735183e+00
1.999687e+00 2.795430e+00
6.567389e+00 1.683803e+01
6.316022e-01 5.059081e-01
3.202715e+00 5.805861e+00
1.579376e+00 1.973086e+00
5.843746e+00 1.409245e+01
6.651475e+00 1.713682e+01
7.239245e+00 1.940810e+01
2.626789e+00 4.222231e+00
9.835725e-01 1.173567e+00
8.789682e-01 7.350448e-01
4.318900e+00 8.948345e+00
9.463860e+00 2.907624e+01
2.255517e+00 3.363314e+00
2.641742e+00 4.261431e+00
1.098799e+00 1.179036e+00
6.095146e+00 1.488111e+01
6.830741e+00 1.795377e+01
6.465019e+00 1.649991e+01
8.625189e+00 2.520981e+01
4.915616e+00 1.067719e+01
1.431125e+00 1.616752e+00
2.965111e+00 5.082104e+00
6.658057e+00 1.743159e+01
6.169908e+00 1.537860e+01
5.356931e+00 1.222234e+01
6.861348e+00 1.790547e+01
6.410169e+00 1.622428e+01
8.825116e+00 2.624160e+01
5.901562e+00 1.420851e+01
7.808153e+00 2.180521e+01
2.562201e+00 4.031289e+00
6.814008e+00 1.767940e+01
9.031722e+00 2.716819e+01
3.918750e+00 7.832971e+00
7.813131e+00 2.192128e+01
7.275414e+00 1.967998e+01
6.893093e-01 5.237864e-01


# ===== high_noise =====
# r T
1.092260e+00 1.838461e+00
7.568322e+00 2.112233e+01
2.833144e+00 4.899371e+00
4.492092e+00 8.924182e+00
9.616323e-01 4.583825e-01
2.937927e+00 5.107783e+00
7.836753e+00 2.431807e+01
1.600720e+00 2.319037e+00
6.506880e+00 1.600202e+01
9.182516e+00 2.701361e+01
6.830384e+00 1.737157e+01
8.129115e+00 2.530100e+01
1.178819e+00 8.904748e-01
2.582245e+00 5.034008e+00
8.955935e+00 2.643529e+01
7.179546e+00 1.949210e+01
6.431583e+00 1.708308e+01
6.671291e+00 1.667337e+01
4.200585e+00 7.983939e+00
5.411107e-01 2.015999e+00
7.865971e+00 2.302148e+01
6.819261e+00 1.857880e+01
4.780764e+00 1.122098e+01
9.007620e+00 2.748254e+01
3.427981e+00 8.314851e+00
3.013785e+00 5.274834e+00
8.740684e+00 2.640455e+01
7.990178e+00 2.117063e+01
5.198300e+00 1.104740e+01
1.394274e+00 4.751470e-01
2.229208e+00 4.570966e+00
6.596657e+00 1.445324e+01
3.911908e+00 7.344797e+00
8.381085e+00 2.134345e+01
9.504555e+00 2.849124e+01
8.075806e+00 2.247095e+01
3.837700e+00 8.868788e+00
7.907996e+00 2.262505e+01
3.579273e+00 5.959020e+00
1.754291e+00 3.363226e+00
4.305927e-01 2.999455e-01
3.918595e+00 7.793673e+00
9.045237e+00 2.603081e+01
2.465967e+00 2.906810e+00
2.144480e+00 2.335639e+00
9.701226e+00 3.026152e+01
3.475407e-01 2.808490e-01
7.879243e+00 2.362304e+01
3.281563e+00 6.320137e+00
4.711308e-01 -2.317409e+00
9.186245e+00 2.809859e+01
1.482459e+00 3.907327e-01
5.562615e+00 1.217739e+01
2.813137e+00 3.926169e+00
7.454087e-01 -3.414295e-03
5.942326e-01 -8.831608e-01
1.244011e+00 1.585975e+00
8.065334e-01 -6.516822e-01
7.629525e+00 2.142184e+01
4.907105e+00 1.305201e+01
3.494632e+00 5.236269e+00
4.241852e+00 8.458923e+00
9.296573e+00 2.588429e+01
9.116443e+00 2.723217e+01
7.185197e+00 1.988694e+01
8.858356e+00 2.706798e+01
3.264515e+00 5.973773e+00
3.872982e+00 8.489320e+00
6.175751e+00 1.783065e+01
6.273897e+00 1.738477e+01
4.868828e+00 1.023364e+01
4.066513e+00 6.785050e+00
9.863185e+00 3.057990e+01
8.229124e+00 2.268281e+01
4.406304e+00 9.689576e+00
7.300196e+00 1.857224e+01
2.768661e+00 4.535829e+00
1.091676e+00 1.957966e+00
3.589067e+00 6.701216e+00
4.089431e+00 7.346812e+00
2.637175e-01 1.281267e+00
8.166441e+00 2.150459e+01
3.656015e+00 6.670848e+00
5.846140e+00 1.409463e+01
8.322356e-01 7.747394e-01
1.832469e+00 2.656633e+00
8.907968e+00 2.718230e+01
6.126007e+00 1.512780e+01
9.507812e+00 2.895811e+01
9.987625e+00 3.116656e+01
3.781415e+00 6.756854e+00
3.058150e+00 6.116081e+00
8.597725e+00 2.457956e+01
9.986253e+00 3.238348e+01
6.333448e+00 1.595750e+01
7.971893e+00 2.199988e+01
7.839284e+00 2.255215e+01
3.617863e+00 6.171909e+00
5.785277e+00 1.453754e+01
8.347264e+00 2.432409e+01
6.912327e+00 1.759179e+01
3.095218e-01 6.877984e-01
3.433386e+00 6.894967e+00
1.530309e+00 3.022051e+00
2.406425e+00 4.675323e+00
9.064346e+00 2.776923e+01
4.652436e-01 -7.824440e-01
2.276027e+00 5.821927e+00
3.164737e+00 4.260975e+00
6.207152e+00 1.639045e+01
5.387607e+00 1.292594e+01
2.260868e+00 2.254298e+00
1.725987e+00 2.146311e+00
2.444301e+00 3.744672e+00
5.075043e+00 1.270637e+01
2.784660e+00 3.951128e+00
9.481265e+00 2.893891e+01
4.692266e+00 7.885762e+00
6.820806e-01 2.255296e+00
7.319737e+00 1.875949e+01
3.355568e+00 6.465649e+00
6.569540e+00 1.673956e+01
2.867984e+00 4.761383e+00
5.750363e+00 1.457921e+01
7.744310e+00 2.318137e+01
9.287287e+00 2.854834e+01
2.685159e+00 5.038945e+00
3.415084e+00 6.631836e+00
4.696238e+00 1.116956e+01
9.279031e+00 2.781382e+01
9.023730e+00 2.815572e+01
9.897950e-01 2.067843e+00
1.406105e+00 2.723188e+00
5.005541e+00 1.055506e+01
1.155531e+00 1.077959e+00
3.521251e+00 6.841186e+00
1.569015e+00 6.283211e-01
6.396800e+00 1.773430e+01
9.500005e+00 2.926901e+01
9.967664e+00 3.174644e+01
3.814887e+00 6.888363e+00
6.030225e+00 1.351398e+01
8.577050e+00 2.453013e+01
1.262875e+00 1.632987e+00
6.926688e+00 1.888689e+01
4.147552e+00 8.604515e+00
2.140847e+00 3.470582e+00
4.087261e+00 7.934491e+00
8.520068e-01 1.270448e+00
6.984531e+00 1.990516e+01
2.602152e+00 4.884988e+00
3.182916e+00 6.468130e+00
1.298705e+00 1.766779e+00
8.660125e+00 2.401901e+01
4.985098e+00 1.011149e+01
5.764254e+00 1.428297e+01
5.737384e+00 1.373199e+01
4.163882e+00 8.925642e+00
2.006046e+00 4.476340e+00
7.476814e+00 2.115255e+01
1.357857e+00 2.810110e+00
1.128351e+00 1.290924e+00
7.130436e+00 1.825301e+01
2.167487e+00 3.134618e+00
3.137050e+00 4.771351e+00
4.804752e+00 1.205176e+01
4.548578e+00 1.047183e+01
7.114933e+00 1.948593e+01
6.271975e+00 1.691294e+01
6.479522e+00 1.452333e+01
7.169138e+00 1.976918e+01
2.996866e+00 3.909691e+00
3.291100e+00 5.963435e+00
4.436178e+00 9.039562e+00
3.143876e+00 6.219815e+00
9.850885e+00 3.114066e+01
8.159114e+00 2.461777e+01
1.730081e+00 1.688568e+00
1.553821e-01 7.528747e-01
5.235544e-01 5.370508e-01
2.516228e+00 2.396439e+00
1.231484e+00 4.706446e-01
5.380047e+00 1.233280e+01
8.594153e+00 2.627929e+01
7.393827e+00 2.055728e+01
2.234530e+00 2.201545e+00
4.053063e+00 8.022859e+00
5.128153e+00 1.358096e+01
8.121038e+00 2.325136e+01
8.407304e+00 2.405802e+01
9.106211e+00 2.795897e+01
5.141528e+00 1.240295e+01
6.973320e+00 1.796956e+01
1.206824e+00 1.815942e+00
5.696361e+00 1.327475e+01
2.562049e+00 4.802505e+00
4.373997e+00 9.313331e+00
6.377100e+00 1.657412e+01
2.644161e+00 3.559177e+00
6.166321e-01 -3.168148e-01
2.013152e-01 1.012505e+00
3.193794e-01 1.030548e-01
1.826624e-01 3.560730e-01
1.192515e+00 1.003416e+00
2.470938e+00 4.760683e+00
2.290093e+00 2.872790e+00
9.869286e+00 3.087252e+01
3.129460e+00 6.302711e+00
1.361466e+00 2.732622e+00
5.501069e+00 1.239156e+01
8.593779e+00 2.710414e+01
6.812798e+00 1.808783e+01
3.031213e+00 4.260250e+00
5.660000e+00 1.382552e+01
7.177074e+00 1.885387e+01
7.308234e+00 2.018026e+01
6.698731e+00 1.729579e+01
8.721023e+00 2.582683e+01
8.714044e+00 2.483436e+01
5.831472e+00 1.504774e+01
4.355578e+00 7.962487e+00
6.451546e+00 1.530544e+01
8.200299e+00 2.384081e+01
1.559558e-01 1.624902e+00
9.920770e+00 3.090381e+01
1.910648e+00 3.324701e+00
4.755465e+00 1.141712e+01
8.733094e+00 2.660247e+01
2.327900e+00 3.248250e+00
4.820273e+00 9.518828e+00
1.412564e+00 -4.742519e-01
4.011256e+00 7.777433e+00
1.853641e+00 3.672736e+00
3.699915e+00 6.020406e+00
3.797296e+00 8.082598e+00
9.932391e+00 3.037590e+01
9.948649e+00 3.148297e+01
1.236384e+00 2.065106e+00
7.287091e+00 1.902799e+01
6.122802e-01 6.453791e-01
3.989010e-01 -1.529136e-01
1.142806e+00 1.909440e+00
9.658308e+00 3.024543e+01
9.414549e+00 2.894190e+01
2.019885e+00 4.390631e+00
1.700556e+00 2.863588e+00
2.481297e+00 3.235247e+00
5.203915e+00 1.178747e+01
5.740076e+00 1.367831e+01
2.293775e+00 3.552310e+00
7.590566e+00 2.337500e+01
3.164576e+00 5.991251e+00
9.229100e+00 2.605179e+01
6.601555e+00 1.643229e+01
4.419877e+00 7.407416e+00
7.920129e+00 2.196774e+01
8.197355e+00 2.153157e+01
2.975768e+00 4.283229e+00
3.463174e+00 4.961614e+00
9.365956e+00 2.903812e+01
1.730936e+00 2.277833e+00
5.172891e-01 6.675392e-01
4.595148e+00 9.748322e+00
8.031978e+00 2.140331e+01
7.739514e+00 2.203217e+01
9.203353e+00 2.979506e+01
5.378687e+00 1.287337e+01
1.090640e+00 7.235763e-01
5.928021e+00 1.304042e+01
7.806117e+00 2.092417e+01
1.023948e+00 1.478003e+00
1.809308e+00 3.480362e+00
2.216775e-01 3.588040e-01
5.977161e+00 1.539326e+01
8.878670e+00 2.714609e+01
6.739567e+00 1.799041e+01
9.822197e+00 3.014091e+01
7.240332e-01 7.857148e-01
9.039711e+00 2.635144e+01
8.159276e+00 2.332352e+01
3.210991e+00 6.076555e+00
9.737913e+00 3.202515e+01
2.950584e+00 3.790866e+00
8.904117e+00 2.703931e+01
8.819411e+00 2.763614e+01
7.600810e+00 2.169524e+01
5.678358e+00 1.434353e+01
1.288027e+00 2.034999e+00
5.366520e+00 1.369826e+01
3.632283e+00 5.861947e+00
7.942949e+00 2.103406e+01
7.605479e+00 2.096824e+01
9.115064e+00 2.541158e+01
2.468186e-01 1.322916e+00
8.110122e+00 2.428684e+01
9.390774e+00 2.835477e+01
7.914074e+00 2.190222e+01
1.388925e+00 1.566322e+00
9.046631e-01 9.111970e-01
3.063679e-01 2.936136e-01
6.324578e+00 1.644996e+01
6.333759e+00 1.577178e+01
9.870446e+00 3.193017e+01
4.040627e+00 8.557141e+00
3.385872e+00 5.638262e+00
6.281807e+00 1.704661e+01
8.273526e+00 2.247299e+01
9.374062e+00 2.861076e+01
8.050929e+00 2.378691e+01
4.324072e+00 8.286411e+00
6.385651e+00 1.643836e+01
8.577363e+00 2.565058e+01
4.957036e+00 1.019724e+01
2.245198e+00 3.293511e+00
1.780262e+00 2.222697e+00
1.015617e-01 -5.057638e-01
7.210556e+00 2.160704e+01
1.199862e+00 5.700223e-01
2.514007e+00 4.966260e+00
3.048976e+00 4.940800e+00
5.647761e+00 1.236208e+01
4.039777e+00 8.219906e+00
6.779273e+00 1.828430e+01
6.508227e-01 1.422849e+00
1.326998e+00 3.052375e+00
5.042194e+00 1.419477e+01
3.435951e+00 6.613325e+00
3.028552e+00 4.623771e+00
7.635780e-01 1.108942e+00
8.967620e+00 2.659477e+01
6.949004e+00 1.922137e+01
1.304020e+00 2.239361e-01
7.439550e-01 2.951606e+00
9.751238e+00 3.128510e+01
6.843608e+00 1.626061e+01
4.232815e+00 8.016970e+00
7.047137e+00 1.950360e+01
7.587685e+00 2.204818e+01
7.821626e+00 2.063401e+01
4.830985e+00 1.131371e+01
4.355839e+00 7.191607e+00
2.091780e-01 8.537079e-03
9.272915e+00 2.932200e+01
6.072748e+00 1.442713e+01
2.111224e+00 1.597863e+00
9.204074e+00 2.806613e+01
9.157826e+00 2.712352e+01
9.892923e+00 3.173026e+01
8.753160e+00 2.503338e+01
9.978065e+00 3.076521e+01
2.522393e+00 2.034918e+00
8.438271e+00 2.467784e+01
8.247980e+00 2.353068e+01
2.386310e+00 2.527220e+00
1.074532e+00 1.302875e+00
9.796263e+00 3.166305e+01
3.030643e+00 5.065717e+00
8.721829e+00 2.601951e+01
1.408588e-01 3.194365e-01
3.081456e-01 -1.003573e+00
4.712126e+00 1.223468e+01
2.463275e+00 3.406830e+00
6.929429e+00 1.888083e+01
5.699087e+00 1.435554e+01
8.671094e-01 6.712888e-01
1.710020e+00 2.827984e+00
3.941688e+00 8.065459e+00
1.937480e+00 1.314168e+00
7.943001e+00 2.206195e+01
4.219095e+00 8.068763e+00
1.024975e+00 5.873393e-01
4.894995e+00 9.558155e+00
9.992980e-01 2.097599e+00
1.376479e+00 3.177415e+00
2.472137e+00 4.840832e+00
8.609324e+00 2.650037e+01
9.253664e+00 2.781336e+01
8.279952e+00 2.320492e+01
3.407364e+00 5.530286e+00
2.797220e+00 5.306500e+00
5.536641e+00 1.324922e+01
7.246346e+00 1.943115e+01
9.934391e+00 3.257528e+01
1.402550e+00 2.055984e+00
5.879908e-01 -3.670990e-01
6.974123e+00 1.775354e+01
8.339035e+00 2.474613e+01
8.478853e+00 2.570516e+01
6.816789e+00 1.833602e+01
9.544756e+00 3.133824e+01
5.158947e+00 1.331236e+01
9.146767e+00 2.809329e+01
9.681340e+00 2.930545e+01
8.486859e+00 2.344642e+01
3.166610e+00 5.257145e+00
2.042535e+00 3.653772e+00
5.526389e+00 1.477318e+01
4.584846e+00 1.022434e+01
8.789808e+00 2.719958e+01
1.090314e+00 8.992271e-01
2.651627e+00 4.925270e+00
7.542810e+00 2.151875e+01
1.040368e+00 -8.696124e-01
3.275568e+00 5.525054e+00
3.932838e+00 8.725641e+00
6.263679e+00 1.594402e+01
1.665513e+00 9.824190e-01
8.619984e+00 2.293792e+01
4.530668e+00 9.286934e+00
9.178515e+00 2.773747e+01
4.731912e+00 9.431186e+00
2.822899e+00 4.882444e+00
1.504105e+00 2.338562e+00
1.370764e-01 7.048968e-01
5.368359e+00 1.014052e+01
1.160851e+00 -3.113679e-02
3.978105e+00 7.637295e+00
5.933790e+00 1.501240e+01
2.829290e+00 5.236174e+00
1.834720e+00 2.945395e+00
7.769744e+00 2.128363e+01
9.473233e+00 2.883775e+01
1.094360e+00 4.344621e-01
1.640344e+00 2.850134e+00
9.604125e+00 2.886590e+01
4.740638e-01 1.155476e+00
9.778560e+00 3.078096e+01
1.459804e-01 1.184174e-02
8.749320e+00 2.523932e+01
3.142519e+00 4.248682e+00
9.392030e+00 2.815153e+01
3.237758e+00 5.504081e+00
6.577633e+00 1.455899e+01
8.923224e-01 6.504252e-01
2.499065e+00 4.852190e+00
7.759426e+00 2.216769e+01
5.333990e+00 1.183511e+01
9.286894e+00 2.834703e+01
4.344639e+00 8.513430e+00
8.711142e+00 2.585572e+01
4.544659e+00 1.119052e+01
9.794558e+00 3.159791e+01
9.602360e+00 3.026343e+01
3.358453e+00 5.674001e+00
8.870644e+00 2.715144e+01
8.491353e+00 2.309847e+01
2.185736e+00 2.985314e+00
6.280475e+00 1.630874e+01
8.195549e-01 1.464097e+00
8.383436e+00 2.492690e+01
1.828004e+00 2.759089e+00
8.010655e-01 5.260740e-01
4.062169e+00 8.711938e+00
5.811529e+00 1.308056e+01
8.563678e+00 2.423670e+01
9.745001e+00 3.048117e+01
4.450976e+00 9.559299e+00
6.984245e-01 -1.196904e+00
7.516244e+00 2.105028e+01
5.695215e+00 1.434510e+01
4.534124e+00 9.579351e+00
3.161762e+00 7.937942e+00
5.073745e+00 1.076251e+01
3.452928e+00 6.064069e+00
7.594417e+00 2.054335e+01
5.484548e+00 1.277001e+01
8.780793e+00 2.569898e+01
5.481085e+00 1.146005e+01
2.458798e+00 3.322463e+00
8.525810e+00 2.479929e+01
5.616469e+00 1.450879e+01
2.147726e+00 5.295448e+00
6.272727e+00 1.701284e+01
3.641396e+00 6.192417e+00
8.459616e+00 2.392650e+01
4.587667e+00 9.670853e+00
7.291769e+00 2.143071e+01
1.045808e+00 9.081495e-01
4.020641e+00 6.767236e+00
9.834090e+00 3.035025e+01
8.103757e+00 2.380743e+01
1.683414e+00 2.857094e+00
2.849864e+00 4.615731e+00
3.365177e+00 6.839780e+00
6.538619e+00 1.450261e+01
7.594248e+00 2.102924e+01
7.520313e+00 2.146256e+01
5.147753e+00 1.086724e+01
8.127123e+00 2.235318e+01
4.427073e+00 7.494416e+00
1.326418e+00 3.078322e+00
5.687974e+00 1.286313e+01
9.527784e+00 2.964461e+01
7.950637e+00 2.300733e+01
5.829136e+00 1.554841e+01
6.503376e+00 1.643462e+01
9.312564e+00 2.789255e+01
4.340594e+00 9.212032e+00
3.380802e+00 7.468677e+00
9.774691e+00 3.039411e+01
8.648087e+00 2.450066e+01
3.298131e+00 4.486899e+00
4.691428e+00 8.970318e+00
4.209273e+00 9.479035e+00
1.576047e+00 1.665864e+00
9.582411e+00 2.907027e+01
4.102693e+00 7.611739e+00
8.765758e+00 2.603575e+01
1.974627e+00 2.541224e+00
5.523921e+00 1.271649e+01
3.372177e-01 1.511869e+00
7.665783e+00 2.272445e+01
5.851048e+00 1.258275e+01
6.293337e+00 1.610731e+01
6.120367e-01 -2.788888e-01
2.189279e+00 2.997176e+00
8.358756e-01 1.065860e+00
2.960252e+00 4.885753e+00
6.311646e+00 1.608152e+01
5.705241e+00 1.428371e+01
6.160283e+00 1.557708e+01
5.537588e+00 1.240021e+01
2.802985e+00 4.079109e+00
2.520624e+00 2.597665e+00
1.456891e+00 9.256327e-01
8.505802e+00 2.672060e+01
6.203146e+00 1.467716e+01
1.946459e+00 1.551667e+00
1.854373e+00 2.837236e+00
8.743052e+00 2.574439e+01
7.453036e+00 2.015620e+01
6.628051e+00 1.843821e+01
4.127955e+00 8.922501e+00
2.693558e+00 3.903763e+00
9.796563e+00 3.024871e+01
7.992672e+00 2.210614e+01
3.087614e+00 6.278601e+00
8.490891e+00 2.444118e+01
7.613426e+00 1.925837e+01
3.041097e+00 5.256164e+00
4.322873e+00 7.488793e+00
1.940939e+00 4.834430e+00
1.199419e+00 3.717285e-01
7.255344e+00 1.938494e+01
2.748367e+00 4.808133e+00
8.218588e+00 2.327957e+01
9.956526e+00 3.113391e+01
8.585362e-01 1.206919e+00
4.783048e+00 1.194919e+01
8.040419e+00 2.354770e+01
7.910614e+00 2.369129e+01
7.623972e+00 2.003015e+01
3.555050e+00 7.012525e+00
4.593147e+00 9.995280e+00
5.990187e+00 1.500333e+01
9.742012e+00 3.174925e+01
3.342718e+00 5.896181e+00
9.239124e+00 2.768767e+01
2.766633e+00 5.122608e+00
9.891837e+00 2.937676e+01
6.735610e+00 1.724996e+01
4.688764e+00 1.002195e+01
6.172565e+00 1.443786e+01
2.798059e+00 5.711413e+00
2.814321e+00 3.685246e+00
1.224190e+00 1.221960e+00
1.229098e+00 1.648563e+00
3.541950e+00 7.986046e+00
7.652269e+00 2.115797e+01
6.118915e+00 1.604908e+01
1.115587e+00 1.861615e+00
8.537142e+00 2.506456e+01
6.053540e+00 1.383145e+01
9.612470e+00 2.840329e+01
6.734836e+00 1.758183e+01
1.834231e+00 1.954857e+00
4.790455e+00 1.138151e+01
6.520126e+00 1.737630e+01
3.798205e-01 5.402392e-02
2.476116e-01 -1.005947e+00
1.381090e+00 2.121193e+00
2.591478e+00 3.178935e+00
4.352536e+00 8.340823e+00
4.925661e+00 9.976667e+00
1.466473e+00 1.640785e+00
6.766577e+00 1.874299e+01
6.001767e+00 1.469851e+01
3.015195e+00 4.803392e+00
2.352328e-01 -1.373899e+00
8.687144e-01 1.348191e+00
3.977778e+00 7.172270e+00
1.624346e+00 2.184846e+00
3.830514e+00 7.151485e+00
6.319008e+00 1.670200e+01
5.517651e+00 1.280743e+01
2.388641e+00 3.634227e+00
3.503843e+00 7.032454e+00
6.178909e+00 1.741414e+01
8.622465e+00 2.618557e+01
7.556813e+00 2.068700e+01
5.578660e+00 1.317946e+01
3.686701e+00 6.566839e+00
3.714008e+00 6.230981e+00
8.806231e+00 2.559363e+01
4.885114e-01 -4.116671e-01
9.881028e+00 3.169738e+01
6.677317e+00 1.620975e+01
6.843263e+00 1.920205e+01
4.761786e-01 1.062089e+00
6.094740e+00 1.506640e+01
4.899303e+00 1.084461e+01
1.147211e+00 6.852174e-01
2.851428e+00 5.078393e+00
8.914113e+00 2.767569e+01
5.544885e+00 1.237105e+01
4.192824e+00 7.089815e+00
8.195533e-01 1.427810e+00
7.169803e+00 1.951458e+01
7.058223e+00 1.765923e+01
6.179032e+00 1.464432e+01
5.151600e+00 1.085474e+01
4.394466e+00 8.505447e+00
5.973384e+00 1.428355e+01
2.410615e+00 3.482785e+00
9.418465e+00 2.827007e+01
5.929066e+00 1.369762e+01
3.180805e+00 5.449764e+00
4.551831e+00 9.874895e+00
8.076279e+00 2.264332e+01
1.699999e+00 3.346617e+00
2.999073e+00 5.689300e+00
6.827129e+00 1.628684e+01
3.223343e+00 6.297895e+00
7.945767e+00 2.298832e+01
1.391490e+00 1.217408e+00
7.650593e+00 1.970299e+01
7.766820e-01 6.923542e-01
2.246669e-01 9.897140e-02
8.992413e+00 2.587188e+01
5.855258e+00 1.275292e+01
3.583086e+00 6.697045e+00
2.402687e+00 3.496981e+00
6.207169e+00 1.505769e+01
5.139122e+00 1.156885e+01
9.916818e+00 3.015345e+01
9.833838e+00 3.041379e+01
6.386743e+00 1.666075e+01
4.484418e+00 9.155064e+00
4.962296e+00 9.423378e+00
6.856543e+00 1.749282e+01
1.105588e+00 1.187271e-01
3.350686e+00 6.393937e+00
8.451952e-01 1.088000e+00
8.262715e-01 -8.667874e-01
2.038808e+00 3.651444e+00
4.904007e+00 9.775164e+00
7.869266e+00 2.359576e+01
4.906409e+00 1.082033e+01
3.421218e+00 5.112416e+00
9.152946e-01 -2.381492e-01
5.547926e+00 1.340711e+01
2.785559e+00 4.267447e+00
6.187848e+00 1.529824e+01
9.774159e+00 3.213059e+01
1.202012e+00 6.358428e-01
2.200041e+00 3.321704e+00
4.783636e+00 1.184737e+01
9.689277e+00 3.042424e+01
7.740917e+00 1.997019e+01
8.992469e+00 2.745904e+01
3.403777e+00 5.145420e+00
9.921181e+00 3.262175e+01
1.118045e+00 3.796212e-01
6.244318e-01 3.389704e+00
8.570466e+00 2.652153e+01
9.279922e+00 2.749243e+01
9.967950e-01 1.014717e+00
1.222932e+00 2.087451e+00
4.284242e-01 1.044754e+00
1.134625e+00 1.640015e+00
2.173256e+00 4.425084e+00
9.703759e+00 3.010810e+01
6.711816e+00 1.703075e+01
7.807675e+00 2.147807e+01
7.783780e+00 2.255350e+01
5.397230e+00 1.289499e+01
7.995141e+00 2.289090e+01
5.998495e+00 1.546703e+01
3.214006e+00 3.761491e+00
5.654990e+00 1.375011e+01
5.381735e+00 1.269803e+01
8.252185e+00 2.533339e+01
9.819099e+00 2.927769e+01
4.169321e+00 1.003208e+01
7.657568e+00 2.126381e+01
1.087654e+00 1.611251e+00
7.790631e+00 2.337956e+01
3.777027e+00 7.887424e+00
4.899626e-01 7.334547e-01
3.696137e+00 7.342265e+00
6.145363e+00 1.476271e+01
1.280577e+00 1.421347e+00
9.247941e+00 2.742552e+01
8.689569e-01 7.665553e-01
9.307067e+00 2.611520e+01
7.100661e+00 1.933964e+01
3.364151e+00 6.051663e+00
3.968428e+00 7.577561e+00
7.434013e+00 2.048346e+01
6.054564e+00 1.349967e+01
6.749265e+00 1.941584e+01
3.952730e+00 7.758376e+00
4.929353e+00 1.080198e+01
9.899688e+00 3.020656e+01
2.217836e+00 3.326247e+00
4.236776e+00 1.007349e+01
2.989050e+00 6.178095e+00
7.674604e+00 2.209438e+01
7.663725e+00 2.174875e+01
2.995210e+00 4.834013e+00
9.057641e-01 -5.523669e-01
2.131835e-01 -9.764985e-02
4.331760e+00 8.785587e+00
4.162342e+00 9.514863e+00
9.885060e+00 3.138090e+01
4.751041e+00 1.192833e+01
2.638542e+00 5.453894e+00
8.923171e+00 2.620977e+01
4.961573e+00 9.300843e+00
6.031839e+00 1.616548e+01
1.047120e+00 2.397365e+00
3.890872e+00 6.342344e+00
9.447814e+00 3.051205e+01
5.936103e+00 1.483549e+01
3.510568e+00 6.734303e+00
6.294105e+00 1.736564e+01
9.113070e+00 2.882193e+01
2.812507e+00 5.351990e+00
5.100656e+00 1.198119e+01
9.591037e+00 3.030406e+01
1.806722e+00 2.038303e+00
7.224673e+00 1.936528e+01
6.183362e+00 1.449571e+01
6.828784e+00 1.752011e+01
3.577074e+00 6.407785e+00
3.207406e+00 5.124581e+00
6.873676e+00 1.815457e+01
2.233879e+00 3.022801e+00
4.254582e+00 9.265620e+00
1.962929e+00 1.167844e+00
1.822179e-01 -3.277575e-02
9.703568e+00 3.035546e+01
4.373859e+00 8.844423e+00
9.696561e+00 3.002627e+01
1.489203e+00 2.711687e-01
5.914931e+00 1.473317e+01
2.089643e+00 3.652338e+00
7.921734e+00 2.277754e+01
7.858660e+00 2.304353e+01
1.214811e+00 1.535505e+00
9.129438e+00 2.805144e+01
2.026834e+00 3.037781e+00
6.168476e+00 1.599088e+01
9.857773e+00 2.941221e+01
8.835726e+00 2.539261e+01
9.569983e+00 3.115288e+01
3.491728e+00 4.124947e+00
1.145199e+00 1.088802e+00
1.964634e+00 3.897100e+00
5.054899e+00 1.127402e+01
7.952974e+00 2.203317e+01
1.586521e+00 2.124567e+00
6.631342e+00 1.673222e+01
3.303418e+00 6.034153e+00
3.477901e+00 5.819455e+00
6.652986e+00 1.824163e+01
4.723294e+00 1.165336e+01
8.139130e+00 2.309015e+01
1.643593e+00 7.548368e-01
7.920488e+00 2.177999e+01
7.359290e-01 4.518753e-01
2.021133e+00 3.366447e+00
6.595882e+00 1.595669e+01
8.563764e+00 2.431073e+01
2.601528e+00 4.694152e+00
3.339197e+00 7.017624e+00
5.417495e+00 1.200324e+01
2.194571e+00 1.950720e+00
8.130447e+00 2.638623e+01
7.759003e+00 2.237668e+01
1.538388e+00 1.647671e+00
4.691914e+00 1.101067e+01
7.770795e+00 2.154059e+01
3.439562e+00 7.224802e+00
6.367758e+00 1.622413e+01
5.971099e-01 5.504249e-01
6.126019e+00 1.505160e+01
1.611265e+00 6.335839e-01
8.322775e+00 2.590085e+01
3.618950e+00 5.966210e+00
2.887383e+00 3.579848e+00
8.424801e+00 2.424580e+01
5.964258e-01 -4.771474e-01
4.026427e+00 8.028975e+00
3.763035e+00 7.970541e+00
2.919524e+00 5.959233e+00
9.126368e+00 2.836528e+01
7.534191e+00 2.038212e+01
7.328393e-01 6.757234e-01
7.175406e+00 1.961854e+01
5.320261e+00 1.055712e+01
9.018592e+00 2.764022e+01
3.198162e+00 4.298044e+00
5.784204e+00 1.590125e+01
5.057477e+00 1.097914e+01
4.946653e+00 1.082157e+01
4.615443e+00 9.164903e+00
2.135732e+00 2.506756e+00
7.581528e+00 2.309342e+01
4.568227e+00 1.068104e+01
9.589311e+00 2.818385e+01
2.682003e+00 5.859384e+00
6.859164e+00 1.912797e+01
9.413099e+00 2.860584e+01
6.668237e+00 1.751848e+01
8.725602e+00 2.576009e+01
8.292062e+00 2.580170e+01
3.665165e+00 6.240169e+00
6.041227e+00 1.499109e+01
1.646987e+00 1.696075e+00
5.401706e+00 1.115672e+01
2.381178e+00 5.811996e+00
7.462994e+00 1.923534e+01
5.327778e+00 1.251227e+01
4.171151e+00 6.821137e+00
2.761091e+00 4.198748e+00
9.987115e+00 3.197324e+01
8.099342e-01 -7.548227e-02
5.312507e-01 9.595419e-01
2.250848e+00 3.114503e+00
9.713617e+00 3.140559e+01
9.794458e+00 3.198101e+01
6.583785e+00 1.632098e+01
8.813056e+00 2.623798e+01
2.218221e+00 3.482680e+00
9.723217e+00 3.092308e+01
1.513570e+00 1.876131e+00
1.101139e+00 1.341002e+00
1.210894e+00 1.095072e+00
5.773966e+00 1.398671e+01
7.831647e+00 2.318285e+01
3.730005e+00 7.833990e+00
9.781170e+00 3.127444e+01
4.400759e+00 9.937144e+00
1.589441e+00 1.853840e+00
4.713071e+00 1.054286e+01
6.822468e+00 1.676178e+01
8.339035e+00 2.531847e+01
4.641806e+00 7.286378e+00
5.976708e+00 1.452644e+01
2.746713e+00 5.664942e+00
6.494574e+00 1.522084e+01
9.861122e+00 3.135623e+01
5.856304e-01 -2.158142e-01
8.876654e+00 2.608714e+01
5.666597e+00 1.441173e+01
2.595777e+00 4.375336e+00
9.553408e+00 2.754405e+01
4.885208e+00 9.845189e+00
3.383733e+00 7.175634e+00
1.896827e+00 3.050281e+00
2.520077e+00 5.705580e+00
8.345206e+00 2.574884e+01
6.182659e+00 1.503935e+01
9.141132e+00 3.007908e+01
2.396488e+00 3.733781e+00
1.299272e+00 5.420569e-01
1.602666e-01 -5.538523e-01
5.127834e+00 9.410771e+00
9.983239e+00 3.311069e+01
6.980156e+00 1.999699e+01
3.153106e+00 4.608506e+00
8.780900e+00 2.579781e+01
7.839050e+00 2.204126e+01
2.526101e-01 -8.097049e-01
8.186919e+00 2.171324e+01
3.075215e+00 5.187617e+00
1.581767e+00 1.676202e+00
2.340675e+00 3.202230e+00
4.738940e+00 1.053347e+01
4.306192e+00 1.033020e+01
2.959984e+00 4.796918e+00
1.804961e+00 2.591184e+00
7.646085e+00 2.185156e+01
9.902087e+00 3.169995e+01
7.800137e+00 2.118552e+01
3.029776e+00 5.367704e+00
2.523609e+00 4.543008e+00
2.254892e+00 2.285491e+00
1.453281e+00 2.984337e+00
5.558172e+00 1.450010e+01
6.093464e+00 1.433673e+01
7.084476e+00 1.904542e+01
6.834112e+00 1.849227e+01
2.994100e+00 4.648673e+00
3.370079e+00 6.656451e+00
6.846994e+00 1.807559e+01
3.559532e+00 5.283954e+00
2.204970e+00 3.722027e+00
3.805928e+00 6.351895e+00
2.793633e+00 5.585364e+00
9.742959e-01 3.070359e-01
8.318375e+00 2.383421e+01
8.545803e+00 2.632055e+01
2.275528e+00 3.916740e+00
7.412448e-01 -4.146717e-01
7.414392e+00 1.919904e+01
2.194133e+00 2.665562e+00
3.995011e+00 8.369950e+00
7.349390e-01 9.795158e-01
2.340069e+00 2.757361e+00
7.949733e+00 2.127606e+01
8.063525e+00 2.317210e+01
2.150140e+00 2.975451e+00
3.425547e+00 8.444094e+00
1.428960e+00 1.743868e+00
8.343090e-01 2.531570e+00
9.922500e+00 3.011436e+01
6.590380e+00 1.538424e+01
5.466755e+00 1.168941e+01
7.678435e+00 2.243674e+01
8.416764e+00 2.613122e+01
8.086476e+00 2.223241e+01
2.637405e-01 -3.137612e-01
1.949398e+00 1.581616e+00
6.583562e+00 1.512544e+01
3.820018e+00 8.166866e+00
9.826578e+00 3.102126e+01
6.687507e+00 1.730427e+01
9.569834e+00 2.823890e+01
2.094320e+00 4.630361e+00
8.653175e+00 2.496348e+01
3.281388e+00 6.464569e+00
9.896692e+00 2.971532e+01
1.661118e+00 1.955095e+00
5.211764e+00 1.218228e+01
7.949161e+00 2.273108e+01
4.383161e+00 9.327419e+00
4.734032e+00 1.078255e+01
9.864922e+00 2.988158e+01
4.310551e+00 9.142012e+00
6.080314e+00 1.510397e+01
6.399426e-01 7.378901e-01
8.437880e+00 2.458094e+01
6.516864e+00 1.539454e+01
4.099799e+00 7.015958e+00
2.600784e-01 -2.027023e+00
5.957521e+00 1.533851e+01
2.253125e-01 9.141941e-01
1.119158e-01 8.601857e-01
6.199376e+00 1.573477e+01
1.971269e+00 6.871892e-01
1.999687e+00 1.826374e+00
6.567389e+00 1.699640e+01
6.316022e-01 6.341314e-01
3.202715e+00 5.514366e+00
1.579376e+00 2.344671e+00
5.843746e+00 1.413794e+01
6.651475e+00 1.727225e+01
7.239245e+00 1.885450e+01
2.626789e+00 5.215126e+00
9.835725e-01 5.553129e-01
8.789682e-01 -4.737693e-01
4.318900e+00 8.223539e+00
9.463860e+00 2.877417e+01
2.255517e+00 4.356909e+00
2.641742e+00 4.252513e+00
1.098799e+00 9.702438e-01
6.095146e+00 1.383004e+01
6.830741e+00 1.861872e+01
6.465019e+00 1.580234e+01
8.625189e+00 2.523348e+01
4.915616e+00 1.234218e+01
1.431125e+00 2.208265e+00
2.965111e+00 3.517676e+00
6.658057e+00 1.545406e+01
6.169908e+00 1.526289e+01
5.356931e+00 1.121581e+01
6.861348e+00 1.860529e+01
6.410169e+00 1.627069e+01
8.825116e+00 2.637817e+01
5.901562e+00 1.364743e+01
7.808153e+00 2.351682e+01
2.562201e+00 6.873769e+00
6.814008e+00 1.751534e+01
9.031722e+00 2.748721e+01
3.918750e+00 7.852507e+00
7.813131e+00 2.158597e+01
7.275414e+00 1.881241e+01
6.893093e-01 -4.859125e-01


