# ===== no_noise =====
# x F
4.584805e+00 -4.584805e+00
7.494941e+00 -7.494941e+00
8.774386e+00 -8.774386e+00
6.101868e+00 -6.101868e+00
7.011604e+00 -7.011604e+00
1.010906e+00 -1.010906e+00
6.517765e+00 -6.517765e+00
-3.929922e+00 3.929922e+00
-2.030425e+00 2.030425e+00
-3.661740e+00 3.661740e+00
-6.522533e-01 6.522533e-01
-4.288408e+00 4.288408e+00
9.232229e+00 -9.232229e+00
-3.743107e+00 3.743107e+00
-8.039109e+00 8.039109e+00
5.363433e-01 -5.363433e-01
-8.858018e+00 8.858018e+00
-7.789137e+00 7.789137e+00
-5.612212e+00 5.612212e+00
-7.129950e-01 7.129950e-01
-1.334981e+00 1.334981e+00
5.993837e+00 -5.993837e+00
4.789493e+00 -4.789493e+00
-1.473634e+00 1.473634e+00
-3.325916e+00 3.325916e+00
-3.670624e+00 3.670624e+00
5.479902e+00 -5.479902e+00
-8.958552e+00 8.958552e+00
-9.743567e+00 9.743567e+00
5.910888e+00 -5.910888e+00
-4.570725e-01 4.570725e-01
-7.382377e+00 7.382377e+00
-5.288681e+00 5.288681e+00
8.650079e+00 -8.650079e+00
7.190060e+00 -7.190060e+00
4.195701e+00 -4.195701e+00
-3.554954e-01 3.554954e-01
4.064725e-01 -4.064725e-01
9.504891e+00 -9.504891e+00
9.315409e+00 -9.315409e+00
-5.694619e+00 5.694619e+00
6.222091e+00 -6.222091e+00
-6.055147e+00 6.055147e+00
-5.729250e+00 5.729250e+00
3.521861e+00 -3.521861e+00
-1.899978e+00 1.899978e+00
8.630888e+00 -8.630888e+00
-8.219805e+00 8.219805e+00
2.305128e-01 -2.305128e-01
8.370431e+00 -8.370431e+00
8.082273e+00 -8.082273e+00
-6.869416e+00 6.869416e+00
-2.667246e+00 2.667246e+00
2.382428e+00 -2.382428e+00
-6.812102e+00 6.812102e+00
9.360443e+00 -9.360443e+00
8.294987e+00 -8.294987e+00
-6.660996e+00 6.660996e+00
-7.576891e+00 7.576891e+00
-8.291830e+00 8.291830e+00
8.188873e+00 -8.188873e+00
-6.127524e+00 6.127524e+00
-1.674301e+00 1.674301e+00
-1.022973e+00 1.022973e+00
1.980221e+00 -1.980221e+00
-8.565293e+00 8.565293e+00
-5.464828e+00 5.464828e+00
8.629808e+00 -8.629808e+00
8.168202e+00 -8.168202e+00
5.625813e+00 -5.625813e+00
-9.611975e+00 9.611975e+00
-3.459865e+00 3.459865e+00
2.559175e+00 -2.559175e+00
-4.496196e+00 4.496196e+00
8.191734e+00 -8.191734e+00
2.677789e+00 -2.677789e+00
-8.561866e+00 8.561866e+00
8.180112e+00 -8.180112e+00
9.155333e+00 -9.155333e+00
-8.445752e+00 8.445752e+00
6.472047e-01 -6.472047e-01
-3.932714e+00 3.932714e+00
-2.143218e+00 2.143218e+00
-6.406976e+00 6.406976e+00
1.561442e+00 -1.561442e+00
9.159587e+00 -9.159587e+00
6.145201e-02 -6.145201e-02
-8.341708e+00 8.341708e+00
2.400027e+00 -2.400027e+00
-3.195540e+00 3.195540e+00
7.118504e+00 -7.118504e+00
-1.306437e+00 1.306437e+00
-6.143208e+00 6.143208e+00
-6.177888e+00 6.177888e+00
5.375284e+00 -5.375284e+00
-4.688248e+00 4.688248e+00
5.344668e+00 -5.344668e+00
-5.882254e+00 5.882254e+00
-3.566273e+00 3.566273e+00
-6.902606e-01 6.902606e-01
8.863917e+00 -8.863917e+00
8.634628e+00 -8.634628e+00
-5.862562e+00 5.862562e+00
-2.835619e+00 2.835619e+00
-7.012012e+00 7.012012e+00
1.997016e-01 -1.997016e-01
-7.883490e-01 7.883490e-01
8.015203e+00 -8.015203e+00
8.600108e+00 -8.600108e+00
-2.328652e+00 2.328652e+00
-1.652411e-01 1.652411e-01
7.924725e+00 -7.924725e+00
6.134156e+00 -6.134156e+00
-9.926874e+00 9.926874e+00
-3.598809e+00 3.598809e+00
-1.564515e+00 1.564515e+00
-5.405674e+00 5.405674e+00
-6.008568e+00 6.008568e+00
-9.244310e+00 9.244310e+00
2.867395e+00 -2.867395e+00
-4.749794e+00 4.749794e+00
-8.953056e+00 8.953056e+00
-5.380414e+00 5.380414e+00
6.038279e+00 -6.038279e+00
7.029784e+00 -7.029784e+00
-3.386751e-01 3.386751e-01
-1.678587e+00 1.678587e+00
9.557074e+00 -9.557074e+00
-5.988707e+00 5.988707e+00
-5.692814e+00 5.692814e+00
-4.162656e+00 4.162656e+00
-6.544854e+00 6.544854e+00
-2.412688e+00 2.412688e+00
8.216685e+00 -8.216685e+00
2.306957e+00 -2.306957e+00
-1.761069e+00 1.761069e+00
8.688216e+00 -8.688216e+00
-9.030715e+00 9.030715e+00
-5.794476e+00 5.794476e+00
1.317772e+00 -1.317772e+00
2.311052e+00 -2.311052e+00
-9.208850e+00 9.208850e+00
-1.939225e+00 1.939225e+00
2.983079e+00 -2.983079e+00
3.961411e+00 -3.961411e+00
2.762798e+00 -2.762798e+00
-3.588736e+00 3.588736e+00
-8.129598e+00 8.129598e+00
-1.457751e+00 1.457751e+00
-7.424911e+00 7.424911e+00
8.952473e+00 -8.952473e+00
-4.965827e-01 4.965827e-01
-3.654817e+00 3.654817e+00
5.326081e+00 -5.326081e+00
-4.102815e-02 4.102815e-02
-3.799320e+00 3.799320e+00
6.239355e+00 -6.239355e+00
7.343043e+00 -7.343043e+00
3.460163e+00 -3.460163e+00
-9.060712e+00 9.060712e+00
1.326458e+00 -1.326458e+00
5.265898e+00 -5.265898e+00
-7.269940e+00 7.269940e+00
-5.426585e+00 5.426585e+00
7.649902e+00 -7.649902e+00
-9.597566e+00 9.597566e+00
5.054543e+00 -5.054543e+00
-5.245341e-01 5.245341e-01
-1.064557e+00 1.064557e+00
-9.858069e+00 9.858069e+00
6.387965e+00 -6.387965e+00
-2.803502e+00 2.803502e+00
8.153126e-01 -8.153126e-01
3.546014e+00 -3.546014e+00
4.052592e+00 -4.052592e+00
9.119601e+00 -9.119601e+00
6.267991e-01 -6.267991e-01
-2.005609e+00 2.005609e+00
9.074073e+00 -9.074073e+00
2.842205e+00 -2.842205e+00
-4.036993e+00 4.036993e+00
-7.470715e+00 7.470715e+00
6.851090e+00 -6.851090e+00
-2.756368e+00 2.756368e+00
3.209394e+00 -3.209394e+00
-5.836716e-01 5.836716e-01
-6.021404e+00 6.021404e+00
2.033732e+00 -2.033732e+00
-8.786339e+00 8.786339e+00
-1.733151e+00 1.733151e+00
9.322988e-01 -9.322988e-01
-1.279061e+00 1.279061e+00
4.973444e+00 -4.973444e+00
6.558499e+00 -6.558499e+00
5.424861e+00 -5.424861e+00
-9.223741e+00 9.223741e+00
-6.117425e+00 6.117425e+00
7.321502e-01 -7.321502e-01
8.696441e+00 -8.696441e+00
6.699136e+00 -6.699136e+00
6.850690e+00 -6.850690e+00
-3.935836e+00 3.935836e+00
-1.411042e+00 1.411042e+00
-5.858811e-01 5.858811e-01
-6.852568e+00 6.852568e+00
-9.378637e+00 9.378637e+00
8.938058e+00 -8.938058e+00
-5.185748e+00 5.185748e+00
-5.201022e+00 5.201022e+00
-8.332419e+00 8.332419e+00
8.570155e+00 -8.570155e+00
1.594742e+00 -1.594742e+00
3.340737e+00 -3.340737e+00
8.231538e+00 -8.231538e+00
-3.087597e+00 3.087597e+00
2.430146e+00 -2.430146e+00
-9.224011e+00 9.224011e+00
-6.264549e+00 6.264549e+00
6.624916e+00 -6.624916e+00
5.335367e+00 -5.335367e+00
-2.987146e+00 2.987146e+00
-2.463787e+00 2.463787e+00
6.710887e-01 -6.710887e-01
-9.995180e+00 9.995180e+00
-5.175113e+00 5.175113e+00
-5.835364e+00 5.835364e+00
-4.990341e+00 4.990341e+00
6.118117e+00 -6.118117e+00
-4.406523e+00 4.406523e+00
-6.169574e+00 6.169574e+00
8.526922e-02 -8.526922e-02
7.312901e+00 -7.312901e+00
-5.173006e+00 5.173006e+00
-8.429275e+00 8.429275e+00
-2.871905e+00 2.871905e+00
4.953036e+00 -4.953036e+00
1.013811e+00 -1.013811e+00
6.335867e+00 -6.335867e+00
9.191843e+00 -9.191843e+00
5.853250e+00 -5.853250e+00
2.076062e+00 -2.076062e+00
-1.331682e-01 1.331682e-01
-9.198618e+00 9.198618e+00
9.686440e+00 -9.686440e+00
-2.330378e+00 2.330378e+00
-6.955436e+00 6.955436e+00
3.334177e+00 -3.334177e+00
-4.314234e+00 4.314234e+00
1.715565e+00 -1.715565e+00
1.735358e+00 -1.735358e+00
-1.085404e+00 1.085404e+00
6.722372e+00 -6.722372e+00
-4.700659e+00 4.700659e+00
-1.027348e+00 1.027348e+00
7.538426e-01 -7.538426e-01
3.272494e+00 -3.272494e+00
5.679437e+00 -5.679437e+00
-2.103854e+00 2.103854e+00
2.920939e+00 -2.920939e+00
-6.987781e+00 6.987781e+00
8.652962e+00 -8.652962e+00
-2.338824e+00 2.338824e+00
4.590428e+00 -4.590428e+00
-9.593178e+00 9.593178e+00
-5.896257e+00 5.896257e+00
-2.583491e-01 2.583491e-01
7.565049e+00 -7.565049e+00
5.451030e-01 -5.451030e-01
8.597410e+00 -8.597410e+00
-3.240621e-01 3.240621e-01
-1.910181e-01 1.910181e-01
-7.605064e+00 7.605064e+00
6.053125e+00 -6.053125e+00
-5.060692e+00 5.060692e+00
7.992250e+00 -7.992250e+00
8.216484e+00 -8.216484e+00
8.866202e+00 -8.866202e+00
4.046098e-01 -4.046098e-01
3.541876e+00 -3.541876e+00
5.570318e+00 -5.570318e+00
-7.379708e+00 7.379708e+00
2.019144e+00 -2.019144e+00
-9.314042e+00 9.314042e+00
-4.867833e-02 4.867833e-02
-6.903146e+00 6.903146e+00
-6.341541e+00 6.341541e+00
-2.699049e+00 2.699049e+00
-1.351257e+00 1.351257e+00
2.463448e+00 -2.463448e+00
-8.511432e+00 8.511432e+00
7.383522e-02 -7.383522e-02
-6.347497e+00 6.347497e+00
1.479504e+00 -1.479504e+00
2.748092e+00 -2.748092e+00
1.134185e+00 -1.134185e+00
4.765910e+00 -4.765910e+00
-3.287815e+00 3.287815e+00
5.302132e+00 -5.302132e+00
-1.344658e+00 1.344658e+00
-3.163100e-01 3.163100e-01
2.962043e+00 -2.962043e+00
-9.632832e+00 9.632832e+00
3.079884e+00 -3.079884e+00
2.371703e+00 -2.371703e+00
-3.803058e+00 3.803058e+00
-8.284114e+00 8.284114e+00
-8.181291e+00 8.181291e+00
8.464475e+00 -8.464475e+00
3.785586e+00 -3.785586e+00
-7.457948e+00 7.457948e+00
-2.865537e+00 2.865537e+00
1.849660e+00 -1.849660e+00
6.711434e+00 -6.711434e+00
-9.126781e+00 9.126781e+00
-5.267337e+00 5.267337e+00
7.794980e+00 -7.794980e+00
-9.816689e+00 9.816689e+00
-5.972018e+00 5.972018e+00
9.180484e+00 -9.180484e+00
2.268037e+00 -2.268037e+00
-4.766573e+00 4.766573e+00
-8.660178e+00 8.660178e+00
-9.436173e+00 9.436173e+00
-5.105098e+00 5.105098e+00
7.629716e+00 -7.629716e+00
-1.681727e+00 1.681727e+00
4.406667e+00 -4.406667e+00
8.365701e+00 -8.365701e+00
-1.839191e+00 1.839191e+00
-6.174453e+00 6.174453e+00
3.423586e-01 -3.423586e-01
8.161674e+00 -8.161674e+00
6.087488e+00 -6.087488e+00
-8.683403e+00 8.683403e+00
3.851456e+00 -3.851456e+00
1.437950e+00 -1.437950e+00
8.149264e+00 -8.149264e+00
-7.550372e+00 7.550372e+00
6.807223e-01 -6.807223e-01
7.589254e+00 -7.589254e+00
-1.799524e+00 1.799524e+00
-3.601016e-01 3.601016e-01
-8.590786e+00 8.590786e+00
-4.437127e+00 4.437127e+00
-3.509867e+00 3.509867e+00
8.902449e+00 -8.902449e+00
-4.346653e+00 4.346653e+00
-7.826253e-01 7.826253e-01
3.426088e+00 -3.426088e+00
-6.756333e+00 6.756333e+00
-2.711523e-01 2.711523e-01
4.770781e+00 -4.770781e+00
7.337104e+00 -7.337104e+00
2.525185e+00 -2.525185e+00
3.381070e+00 -3.381070e+00
-7.474331e+00 7.474331e+00
8.915530e+00 -8.915530e+00
-7.348518e+00 7.348518e+00
5.493459e+00 -5.493459e+00
-4.703674e+00 4.703674e+00
8.671863e+00 -8.671863e+00
4.399191e+00 -4.399191e+00
5.076274e+00 -5.076274e+00
-5.618817e+00 5.618817e+00
-1.139200e+00 1.139200e+00
2.356264e+00 -2.356264e+00
5.399472e+00 -5.399472e+00
-7.920812e+00 7.920812e+00
9.247306e+00 -9.247306e+00
7.804413e+00 -7.804413e+00
-4.593028e+00 4.593028e+00
6.455205e+00 -6.455205e+00
3.664785e-01 -3.664785e-01
-7.638704e-01 7.638704e-01
-3.711318e+00 3.711318e+00
1.619372e+00 -1.619372e+00
4.597782e+00 -4.597782e+00
-1.781342e+00 1.781342e+00
2.584384e+00 -2.584384e+00
3.986258e+00 -3.986258e+00
4.222436e+00 -4.222436e+00
-8.960678e+00 8.960678e+00
7.194956e+00 -7.194956e+00
-8.349337e-01 8.349337e-01
-4.751678e+00 4.751678e+00
-5.164710e+00 5.164710e+00
-3.397177e-01 3.397177e-01
7.736631e+00 -7.736631e+00
-2.433048e+00 2.433048e+00
4.994515e+00 -4.994515e+00
-8.063625e+00 8.063625e+00
-4.788660e-01 4.788660e-01
9.833723e+00 -9.833723e+00
5.408756e+00 -5.408756e+00
-5.789430e+00 5.789430e+00
2.882947e-02 -2.882947e-02
-5.327505e+00 5.327505e+00
-1.808781e+00 1.808781e+00
5.601680e+00 -5.601680e+00
5.424496e+00 -5.424496e+00
-5.437992e+00 5.437992e+00
8.444466e+00 -8.444466e+00
1.851364e+00 -1.851364e+00
-2.401514e+00 2.401514e+00
3.871162e-02 -3.871162e-02
2.101425e+00 -2.101425e+00
1.197811e+00 -1.197811e+00
-2.718993e-01 2.718993e-01
9.865608e-02 -9.865608e-02
-6.471762e+00 6.471762e+00
6.254658e+00 -6.254658e+00
8.352064e-01 -8.352064e-01
-7.378403e+00 7.378403e+00
5.323142e+00 -5.323142e+00
8.648880e+00 -8.648880e+00
8.946138e+00 -8.946138e+00
-2.619645e+00 2.619645e+00
-7.289663e+00 7.289663e+00
3.679925e-01 -3.679925e-01
-7.747815e+00 7.747815e+00
8.679748e+00 -8.679748e+00
-6.328407e+00 6.328407e+00
-4.944683e+00 4.944683e+00
-1.867269e+00 1.867269e+00
-2.336711e+00 2.336711e+00
5.893258e+00 -5.893258e+00
-8.736636e-01 8.736636e-01
-6.584635e+00 6.584635e+00
-4.655802e+00 4.655802e+00
1.822677e-01 -1.822677e-01
-7.050922e+00 7.050922e+00
2.233114e+00 -2.233114e+00
1.314946e+00 -1.314946e+00
4.294046e+00 -4.294046e+00
8.754092e+00 -8.754092e+00
8.245091e+00 -8.245091e+00
8.921512e+00 -8.921512e+00
-5.105688e+00 5.105688e+00
-7.368694e+00 7.368694e+00
-3.954466e+00 3.954466e+00
7.901703e+00 -7.901703e+00
9.441069e+00 -9.441069e+00
7.186499e+00 -7.186499e+00
-7.799646e+00 7.799646e+00
8.948560e+00 -8.948560e+00
-1.532839e+00 1.532839e+00
-9.813794e+00 9.813794e+00
-1.152125e+00 1.152125e+00
-9.078617e+00 9.078617e+00
8.775584e-01 -8.775584e-01
-3.228919e+00 3.228919e+00
-5.313013e-01 5.313013e-01
2.263407e+00 -2.263407e+00
7.376022e+00 -7.376022e+00
3.238032e+00 -3.238032e+00
-1.319023e+00 1.319023e+00
6.388557e+00 -6.388557e+00
8.111643e+00 -8.111643e+00
-7.604801e+00 7.604801e+00
6.386596e-01 -6.386596e-01
-4.309761e+00 4.309761e+00
-9.058776e+00 9.058776e+00
3.370934e+00 -3.370934e+00
7.255416e+00 -7.255416e+00
-6.741947e+00 6.741947e+00
6.248273e+00 -6.248273e+00
7.067915e+00 -7.067915e+00
8.286809e+00 -8.286809e+00
-4.694298e+00 4.694298e+00
8.079061e+00 -8.079061e+00
-3.586745e+00 3.586745e+00
1.046760e+00 -1.046760e+00
-8.989851e+00 8.989851e+00
-9.122378e+00 9.122378e+00
4.407464e+00 -4.407464e+00
-1.110400e+00 1.110400e+00
-4.874152e+00 4.874152e+00
-6.191730e+00 6.191730e+00
3.399070e+00 -3.399070e+00
-9.991969e+00 9.991969e+00
6.117823e+00 -6.117823e+00
-8.415008e+00 8.415008e+00
-6.170208e+00 6.170208e+00
-2.275272e+00 2.275272e+00
-3.028252e-01 3.028252e-01
-2.900098e+00 2.900098e+00
-3.585757e+00 3.585757e+00
9.278320e+00 -9.278320e+00
2.831594e+00 -2.831594e+00
-9.531341e+00 9.531341e+00
-1.396482e+00 1.396482e+00
7.500174e+00 -7.500174e+00
-3.970876e+00 3.970876e+00
-8.108873e+00 8.108873e+00
5.167695e+00 -5.167695e+00
2.120277e+00 -2.120277e+00
1.406250e+00 -1.406250e+00
-8.928469e+00 8.928469e+00
-7.190020e+00 7.190020e+00
2.450988e+00 -2.450988e+00
-5.843523e+00 5.843523e+00
8.140159e-02 -8.140159e-02
8.976337e-01 -8.976337e-01
-4.329856e+00 4.329856e+00
8.968503e+00 -8.968503e+00
6.849282e+00 -6.849282e+00
4.447470e+00 -4.447470e+00
-8.440123e+00 8.440123e+00
-7.877400e+00 7.877400e+00
-1.443731e-01 1.443731e-01
-6.785733e+00 6.785733e+00
9.565309e+00 -9.565309e+00
-6.829595e+00 6.829595e+00
-2.506433e-01 2.506433e-01
-2.717579e+00 2.717579e+00
2.787728e+00 -2.787728e+00
-7.419272e+00 7.419272e+00
-1.393671e+00 1.393671e+00
-4.505899e+00 4.505899e+00
7.755030e+00 -7.755030e+00
-9.188286e+00 9.188286e+00
8.274550e+00 -8.274550e+00
6.659883e+00 -6.659883e+00
-4.048586e+00 4.048586e+00
5.785813e+00 -5.785813e+00
-9.375729e+00 9.375729e+00
9.337311e+00 -9.337311e+00
5.318989e-01 -5.318989e-01
-3.934379e+00 3.934379e+00
-2.748336e+00 2.748336e+00
-8.671893e+00 8.671893e+00
9.786990e+00 -9.786990e+00
-9.214161e+00 9.214161e+00
3.098142e+00 -3.098142e+00
-1.145281e+00 1.145281e+00
8.978324e+00 -8.978324e+00
-5.080005e+00 5.080005e+00
6.417365e-01 -6.417365e-01
-3.528758e-01 3.528758e-01
4.057329e+00 -4.057329e+00
-8.639795e+00 8.639795e+00
-6.124217e+00 6.124217e+00
-5.708704e+00 5.708704e+00
4.763015e+00 -4.763015e+00
-6.217226e+00 6.217226e+00
1.469835e+00 -1.469835e+00
-5.695124e+00 5.695124e+00
7.232499e+00 -7.232499e+00
8.843709e+00 -8.843709e+00
3.698595e-01 -3.698595e-01
-2.953822e+00 2.953822e+00
-5.318844e+00 5.318844e+00
-9.004380e+00 9.004380e+00
-4.629998e+00 4.629998e+00
3.084716e+00 -3.084716e+00
6.723386e-01 -6.723386e-01
8.880826e+00 -8.880826e+00
-2.074455e+00 2.074455e+00
3.877267e+00 -3.877267e+00
-2.135451e-01 2.135451e-01
2.515243e-01 -2.515243e-01
-4.644514e+00 4.644514e+00
-9.009845e-01 9.009845e-01
-5.843001e-01 5.843001e-01
4.132850e+00 -4.132850e+00
8.812800e+00 -8.812800e+00
-3.413574e+00 3.413574e+00
-9.155991e+00 9.155991e+00
-7.409749e-02 7.409749e-02
8.892266e-01 -8.892266e-01
-6.631189e+00 6.631189e+00
5.209292e+00 -5.209292e+00
9.698582e+00 -9.698582e+00
8.915494e+00 -8.915494e+00
-6.057879e+00 6.057879e+00
7.507265e+00 -7.507265e+00
4.089873e+00 -4.089873e+00
-9.230687e-01 9.230687e-01
8.122199e-01 -8.122199e-01
6.992003e+00 -6.992003e+00
-3.973012e-01 3.973012e-01
-2.535853e+00 2.535853e+00
-1.350501e-01 1.350501e-01
1.582596e+00 -1.582596e+00
-6.218447e+00 6.218447e+00
8.018155e+00 -8.018155e+00
3.483739e+00 -3.483739e+00
2.665378e+00 -2.665378e+00
-8.010075e+00 8.010075e+00
2.083479e+00 -2.083479e+00
-7.580787e+00 7.580787e+00
-8.426046e+00 8.426046e+00
5.462179e-01 -5.462179e-01
-1.944289e+00 1.944289e+00
1.776205e+00 -1.776205e+00
-8.215557e+00 8.215557e+00
-1.380339e+00 1.380339e+00
-6.504266e+00 6.504266e+00
9.742002e+00 -9.742002e+00
1.223004e+00 -1.223004e+00
3.748737e+00 -3.748737e+00
-3.491634e+00 3.491634e+00
-8.105222e+00 8.105222e+00
9.517417e+00 -9.517417e+00
-4.274819e+00 4.274819e+00
-1.523836e+00 1.523836e+00
2.997278e+00 -2.997278e+00
-9.506054e+00 9.506054e+00
6.205183e+00 -6.205183e+00
7.315638e-01 -7.315638e-01
-4.435656e+00 4.435656e+00
-8.767840e+00 8.767840e+00
-6.750032e+00 6.750032e+00
7.900677e+00 -7.900677e+00
3.720484e+00 -3.720484e+00
-5.001966e+00 5.001966e+00
-8.687985e+00 8.687985e+00
3.812306e+00 -3.812306e+00
1.448155e+00 -1.448155e+00
-1.909610e+00 1.909610e+00
-2.727771e+00 2.727771e+00
-5.663714e+00 5.663714e+00
3.392225e+00 -3.392225e+00
9.413361e+00 -9.413361e+00
-6.485695e+00 6.485695e+00
1.942332e+00 -1.942332e+00
-1.516299e+00 1.516299e+00
-1.066226e+00 1.066226e+00
-4.917054e+00 4.917054e+00
6.502698e+00 -6.502698e+00
-2.948879e-01 2.948879e-01
8.681170e-01 -8.681170e-01
-3.904782e+00 3.904782e+00
-6.363831e+00 6.363831e+00
-8.281792e+00 8.281792e+00
4.282383e+00 -4.282383e+00
-6.075314e+00 6.075314e+00
3.801507e+00 -3.801507e+00
-2.192471e+00 2.192471e+00
-1.684504e+00 1.684504e+00
-6.164501e-01 6.164501e-01
-2.645830e+00 2.645830e+00
-7.987600e+00 7.987600e+00
-3.807364e+00 3.807364e+00
3.274687e+00 -3.274687e+00
3.315688e+00 -3.315688e+00
-4.275514e+00 4.275514e+00
-7.979475e-01 7.979475e-01
-6.131055e+00 6.131055e+00
-5.792558e+00 5.792558e+00
-9.539058e+00 9.539058e+00
7.934931e+00 -7.934931e+00
-5.785867e+00 5.785867e+00
-5.449322e+00 5.449322e+00
-4.407971e+00 4.407971e+00
-7.451839e+00 7.451839e+00
2.785258e+00 -2.785258e+00
-8.497141e+00 8.497141e+00
-7.315951e+00 7.315951e+00
2.895135e+00 -2.895135e+00
-3.206788e+00 3.206788e+00
4.158957e+00 -4.158957e+00
1.148495e+00 -1.148495e+00
-4.879577e+00 4.879577e+00
3.016559e+00 -3.016559e+00
-7.674526e+00 7.674526e+00
7.282077e-01 -7.282077e-01
-1.257038e+00 1.257038e+00
-4.642528e+00 4.642528e+00
2.080100e+00 -2.080100e+00
7.426672e+00 -7.426672e+00
9.978094e+00 -9.978094e+00
2.155255e+00 -2.155255e+00
-1.905883e+00 1.905883e+00
-5.495858e+00 5.495858e+00
-4.858078e+00 4.858078e+00
-4.109004e-01 4.109004e-01
-2.654446e+00 2.654446e+00
8.276290e+00 -8.276290e+00
-2.634091e+00 2.634091e+00
-2.531108e+00 2.531108e+00
-2.329310e+00 2.329310e+00
6.732404e+00 -6.732404e+00
3.015766e+00 -3.015766e+00
2.283377e+00 -2.283377e+00
-3.317140e+00 3.317140e+00
6.358084e+00 -6.358084e+00
-9.232723e+00 9.232723e+00
7.415943e+00 -7.415943e+00
2.549980e-01 -2.549980e-01
-2.034995e+00 2.034995e+00
-5.665439e-02 5.665439e-02
3.348311e+00 -3.348311e+00
-9.744691e+00 9.744691e+00
7.431037e+00 -7.431037e+00
-1.065209e+00 1.065209e+00
-3.140670e+00 3.140670e+00
-7.235089e+00 7.235089e+00
-1.210693e+00 1.210693e+00
-7.354457e-02 7.354457e-02
-1.927066e+00 1.927066e+00
3.573202e+00 -3.573202e+00
-1.582069e+00 1.582069e+00
9.228352e+00 -9.228352e+00
1.985550e+00 -1.985550e+00
6.149559e+00 -6.149559e+00
-7.812882e+00 7.812882e+00
-2.054174e+00 2.054174e+00
-3.263046e+00 3.263046e+00
1.389648e+00 -1.389648e+00
7.222270e+00 -7.222270e+00
-8.433236e+00 8.433236e+00
-8.548504e+00 8.548504e+00
7.006354e+00 -7.006354e+00
-5.742998e+00 5.742998e+00
3.375065e+00 -3.375065e+00
8.575626e-01 -8.575626e-01
6.657872e+00 -6.657872e+00
-7.498222e+00 7.498222e+00
-7.404341e+00 7.404341e+00
1.136367e+00 -1.136367e+00
8.927573e+00 -8.927573e+00
-1.700045e+00 1.700045e+00
-3.461158e+00 3.461158e+00
2.133786e+00 -2.133786e+00
8.608972e+00 -8.608972e+00
6.738557e+00 -6.738557e+00
9.909672e+00 -9.909672e+00
-9.548628e+00 9.548628e+00
-7.742837e+00 7.742837e+00
2.189355e+00 -2.189355e+00
6.411529e+00 -6.411529e+00
-4.295113e+00 4.295113e+00
-5.215778e+00 5.215778e+00
5.739516e+00 -5.739516e+00
-8.872363e+00 8.872363e+00
-2.612347e+00 2.612347e+00
1.161845e-01 -1.161845e-01
1.206973e+00 -1.206973e+00
4.572303e+00 -4.572303e+00
-2.903086e+00 2.903086e+00
2.253687e+00 -2.253687e+00
1.707508e+00 -1.707508e+00
9.523220e-01 -9.523220e-01
2.809666e+00 -2.809666e+00
-4.811017e+00 4.811017e+00
-8.307025e+00 8.307025e+00
-7.614567e+00 7.614567e+00
-5.508352e+00 5.508352e+00
3.958710e-03 -3.958710e-03
6.808855e+00 -6.808855e+00
4.025867e+00 -4.025867e+00
5.780812e+00 -5.780812e+00
-2.980488e+00 2.980488e+00
-1.906925e+00 1.906925e+00
-2.126362e+00 2.126362e+00
-6.162536e+00 6.162536e+00
-8.775667e+00 8.775667e+00
1.818322e+00 -1.818322e+00
9.784334e+00 -9.784334e+00
-6.663406e+00 6.663406e+00
-9.066304e+00 9.066304e+00
5.590634e+00 -5.590634e+00
-4.948280e+00 4.948280e+00
6.592876e+00 -6.592876e+00
4.078733e+00 -4.078733e+00
8.913471e+00 -8.913471e+00
-1.821455e+00 1.821455e+00
3.239397e+00 -3.239397e+00
-7.029044e-01 7.029044e-01
2.611774e+00 -2.611774e+00
-1.008022e+00 1.008022e+00
-6.227355e+00 6.227355e+00
1.579483e-01 -1.579483e-01
5.716840e-01 -5.716840e-01
6.212077e+00 -6.212077e+00
4.710414e+00 -4.710414e+00
3.275832e+00 -3.275832e+00
-7.732258e+00 7.732258e+00
4.412326e+00 -4.412326e+00
6.103127e-03 -6.103127e-03
7.881991e+00 -7.881991e+00
8.397419e+00 -8.397419e+00
-8.896868e+00 8.896868e+00
6.412831e+00 -6.412831e+00
-9.246052e+00 9.246052e+00
-2.656607e+00 2.656607e+00
8.459995e-01 -8.459995e-01
-7.037984e+00 7.037984e+00
4.926276e+00 -4.926276e+00
-9.832906e+00 9.832906e+00
-6.628019e+00 6.628019e+00
1.615937e+00 -1.615937e+00
4.287751e+00 -4.287751e+00
8.332862e+00 -8.332862e+00
4.109933e+00 -4.109933e+00
3.435585e+00 -3.435585e+00
-2.113177e+00 2.113177e+00
-9.974311e+00 9.974311e+00
-7.596815e+00 7.596815e+00
6.910909e-01 -6.910909e-01
3.502598e+00 -3.502598e+00
-1.651034e+00 1.651034e+00
4.613580e+00 -4.613580e+00
4.372459e-01 -4.372459e-01
-8.516476e+00 8.516476e+00
-6.159675e+00 6.159675e+00
6.799964e+00 -6.799964e+00
4.498255e+00 -4.498255e+00
7.895240e+00 -7.895240e+00
-7.648855e+00 7.648855e+00
9.804451e+00 -9.804451e+00
-5.811866e+00 5.811866e+00
-9.764402e+00 9.764402e+00
9.948459e+00 -9.948459e+00
-4.378522e+00 4.378522e+00
3.360389e+00 -3.360389e+00
-6.466354e+00 6.466354e+00
1.604571e+00 -1.604571e+00
8.080700e+00 -8.080700e+00
-3.596377e+00 3.596377e+00
3.405080e+00 -3.405080e+00
-6.241928e+00 6.241928e+00
2.495908e+00 -2.495908e+00
-3.270993e+00 3.270993e+00
-5.775835e+00 5.775835e+00
-3.736359e+00 3.736359e+00
-6.423179e+00 6.423179e+00
8.038322e+00 -8.038322e+00
-2.056262e+00 2.056262e+00
-5.094414e+00 5.094414e+00
-1.031843e+00 1.031843e+00
-3.589277e+00 3.589277e+00
4.888385e+00 -4.888385e+00
9.424398e+00 -9.424398e+00
-1.239327e+00 1.239327e+00
7.220668e+00 -7.220668e+00
1.317261e+00 -1.317261e+00
-6.855287e+00 6.855287e+00
3.812455e+00 -3.812455e+00
2.686899e-01 -2.686899e-01
3.012130e+00 -3.012130e+00
7.793748e+00 -7.793748e+00
-1.191309e+00 1.191309e+00
8.023552e+00 -8.023552e+00
5.013380e+00 -5.013380e+00
-2.279015e-01 2.279015e-01
2.064443e+00 -2.064443e+00
-3.488377e+00 3.488377e+00
9.671946e+00 -9.671946e+00
3.347023e+00 -3.347023e+00
-9.123063e+00 9.123063e+00
-3.467562e+00 3.467562e+00
2.466289e+00 -2.466289e+00
-8.873334e+00 8.873334e+00
-9.522316e+00 9.522316e+00
-9.995152e-01 9.995152e-01
-3.346196e+00 3.346196e+00
-1.234028e+00 1.234028e+00
-4.746134e+00 4.746134e+00
-6.705645e+00 6.705645e+00
3.782867e+00 -3.782867e+00
2.914223e-01 -2.914223e-01
-5.996916e+00 5.996916e+00
-3.608211e+00 3.608211e+00
1.836158e+00 -1.836158e+00
-8.555413e+00 8.555413e+00
-7.050940e+00 7.050940e+00
-8.535088e+00 8.535088e+00
6.246347e+00 -6.246347e+00
5.048185e+00 -5.048185e+00
5.066259e+00 -5.066259e+00
4.326507e+00 -4.326507e+00
3.387708e+00 -3.387708e+00
-4.601617e-01 4.601617e-01
2.845563e+00 -2.845563e+00
-9.232769e+00 9.232769e+00
2.429288e+00 -2.429288e+00
5.557554e+00 -5.557554e+00
7.167208e-03 -7.167208e-03
-2.849733e+00 2.849733e+00
-4.451465e+00 4.451465e+00
2.856041e+00 -2.856041e+00
3.856024e+00 -3.856024e+00
7.419352e+00 -7.419352e+00
-3.153318e+00 3.153318e+00
5.395446e+00 -5.395446e+00
1.227116e+00 -1.227116e+00
7.656730e+00 -7.656730e+00
5.562422e-01 -5.562422e-01
3.525966e-01 -3.525966e-01
1.557542e+00 -1.557542e+00
4.986307e+00 -4.986307e+00
9.293810e+00 -9.293810e+00
-8.528733e+00 8.528733e+00
-8.931308e+00 8.931308e+00
8.751007e+00 -8.751007e+00
5.975125e-01 -5.975125e-01
2.298060e+00 -2.298060e+00
-3.515280e-01 3.515280e-01
-8.126851e+00 8.126851e+00
5.361788e+00 -5.361788e+00
4.944493e+00 -4.944493e+00
-3.765934e+00 3.765934e+00
-3.875215e+00 3.875215e+00
6.756828e+00 -6.756828e+00
-8.552855e+00 8.552855e+00
7.622103e+00 -7.622103e+00
-4.866766e+00 4.866766e+00
1.859695e+00 -1.859695e+00
8.719884e+00 -8.719884e+00
3.562450e+00 -3.562450e+00
-1.711404e+00 1.711404e+00
3.790684e+00 -3.790684e+00
-3.120407e+00 3.120407e+00
-4.454832e+00 4.454832e+00
9.933666e+00 -9.933666e+00
5.015805e+00 -5.015805e+00
2.894400e+00 -2.894400e+00
-2.894207e+00 2.894207e+00
-9.016783e+00 9.016783e+00
-9.378862e+00 9.378862e+00
1.083625e+00 -1.083625e+00
5.240654e+00 -5.240654e+00
7.475838e-01 -7.475838e-01
6.815701e+00 -6.815701e+00
-9.331469e+00 9.331469e+00
-2.664958e+00 2.664958e+00
-5.258592e+00 5.258592e+00
-1.054541e+00 1.054541e+00
-8.552472e+00 8.552472e+00
9.082633e+00 -9.082633e+00
-5.534892e+00 5.534892e+00
8.446156e+00 -8.446156e+00
-1.482137e+00 1.482137e+00
9.710483e+00 -9.710483e+00
1.081168e+00 -1.081168e+00
8.616657e+00 -8.616657e+00
-9.893020e+00 9.893020e+00
4.964776e+00 -4.964776e+00
8.061013e+00 -8.061013e+00
-7.205589e+00 7.205589e+00
-8.077483e+00 8.077483e+00
-1.508548e+00 1.508548e+00
8.673578e+00 -8.673578e+00
8.477312e-01 -8.477312e-01
5.491293e-01 -5.491293e-01
-7.177478e+00 7.177478e+00
-9.984210e+00 9.984210e+00
6.202802e+00 -6.202802e+00
-8.248509e+00 8.248509e+00
2.676996e+00 -2.676996e+00
8.292329e+00 -8.292329e+00
-5.826962e+00 5.826962e+00
3.305457e+00 -3.305457e+00
-8.426028e+00 8.426028e+00
2.075103e+00 -2.075103e+00
-6.721366e+00 6.721366e+00
4.719071e+00 -4.719071e+00
-3.975374e+00 3.975374e+00
-7.321798e-01 7.321798e-01
1.988611e+00 -1.988611e+00
-6.574532e+00 6.574532e+00
4.832756e+00 -4.832756e+00
-3.947193e+00 3.947193e+00
3.247437e+00 -3.247437e+00
-6.834339e+00 6.834339e+00
3.762353e+00 -3.762353e+00
-7.436239e+00 7.436239e+00
-1.492870e+00 1.492870e+00
-5.055879e+00 5.055879e+00
4.967505e+00 -4.967505e+00
-4.759300e+00 4.759300e+00
7.634346e+00 -7.634346e+00
7.836404e+00 -7.836404e+00
-6.071174e+00 6.071174e+00
2.276919e+00 -2.276919e+00
-8.245647e+00 8.245647e+00
-2.169258e+00 2.169258e+00
4.266435e+00 -4.266435e+00
3.188465e+00 -3.188465e+00
2.494013e+00 -2.494013e+00
-4.349183e+00 4.349183e+00
-2.439501e+00 2.439501e+00
-7.941077e+00 7.941077e+00
4.380456e+00 -4.380456e+00
7.777594e-02 -7.777594e-02
4.175313e+00 -4.175313e+00
-5.021130e+00 5.021130e+00
-3.511235e+00 3.511235e+00
-3.315693e+00 3.315693e+00
-9.485152e+00 9.485152e+00
-3.179043e+00 3.179043e+00
6.066091e+00 -6.066091e+00
7.945970e+00 -7.945970e+00
3.643663e-01 -3.643663e-01
-8.899661e-01 8.899661e-01
-9.383508e+00 9.383508e+00
7.584087e+00 -7.584087e+00
-9.739796e+00 9.739796e+00


# ===== low_noise =====
# x F
4.584805e+00 -4.582849e+00
7.494941e+00 -7.590891e+00
8.774386e+00 -8.756706e+00
6.101868e+00 -6.074710e+00
7.011604e+00 -6.977945e+00
1.010906e+00 -1.162281e+00
6.517765e+00 -6.439766e+00
-3.929922e+00 3.887809e+00
-2.030425e+00 2.069616e+00
-3.661740e+00 3.704043e+00
-6.522533e-01 6.022084e-01
-4.288408e+00 4.326109e+00
9.232229e+00 -9.254234e+00
-3.743107e+00 3.624866e+00
-8.039109e+00 8.105768e+00
5.363433e-01 -5.805855e-01
-8.858018e+00 8.809241e+00
-7.789137e+00 7.766128e+00
-5.612212e+00 5.627752e+00
-7.129950e-01 7.097258e-01
-1.334981e+00 1.366267e+00
5.993837e+00 -6.070300e+00
4.789493e+00 -4.831871e+00
-1.473634e+00 1.467013e+00
-3.325916e+00 3.434254e+00
-3.670624e+00 3.664128e+00
5.479902e+00 -5.417954e+00
-8.958552e+00 8.960753e+00
-9.743567e+00 9.715958e+00
5.910888e+00 -5.924972e+00
-4.570725e-01 4.474585e-01
-7.382377e+00 7.416835e+00
-5.288681e+00 5.367149e+00
8.650079e+00 -8.629547e+00
7.190060e+00 -7.122297e+00
4.195701e+00 -4.250775e+00
-3.554954e-01 3.318269e-01
4.064725e-01 -4.478182e-01
9.504891e+00 -9.486941e+00
9.315409e+00 -9.335899e+00
-5.694619e+00 5.736277e+00
6.222091e+00 -6.275236e+00
-6.055147e+00 6.057603e+00
-5.729250e+00 5.768459e+00
3.521861e+00 -3.639755e+00
-1.899978e+00 2.021088e+00
8.630888e+00 -8.647051e+00
-8.219805e+00 8.104209e+00
2.305128e-01 -2.214883e-01
8.370431e+00 -8.368522e+00
8.082273e+00 -8.086948e+00
-6.869416e+00 6.925996e+00
-2.667246e+00 2.709913e+00
2.382428e+00 -2.365424e+00
-6.812102e+00 6.837799e+00
9.360443e+00 -9.366401e+00
8.294987e+00 -8.193635e+00
-6.660996e+00 6.576559e+00
-7.576891e+00 7.584863e+00
-8.291830e+00 8.295542e+00
8.188873e+00 -8.142448e+00
-6.127524e+00 6.079354e+00
-1.674301e+00 1.574767e+00
-1.022973e+00 1.031925e+00
1.980221e+00 -1.964167e+00
-8.565293e+00 8.650325e+00
-5.464828e+00 5.392311e+00
8.629808e+00 -8.563894e+00
8.168202e+00 -8.033062e+00
5.625813e+00 -5.647377e+00
-9.611975e+00 9.538284e+00
-3.459865e+00 3.436633e+00
2.559175e+00 -2.558375e+00
-4.496196e+00 4.528379e+00
8.191734e+00 -8.225493e+00
2.677789e+00 -2.589013e+00
-8.561866e+00 8.498244e+00
8.180112e+00 -8.279392e+00
9.155333e+00 -9.092158e+00
-8.445752e+00 8.315908e+00
6.472047e-01 -6.588571e-01
-3.932714e+00 4.110682e+00
-2.143218e+00 2.142531e+00
-6.406976e+00 6.342998e+00
1.561442e+00 -1.564718e+00
9.159587e+00 -9.162487e+00
6.145201e-02 -5.228156e-02
-8.341708e+00 8.379513e+00
2.400027e+00 -2.459343e+00
-3.195540e+00 3.291871e+00
7.118504e+00 -7.104512e+00
-1.306437e+00 1.347925e+00
-6.143208e+00 6.107351e+00
-6.177888e+00 6.251319e+00
5.375284e+00 -5.389957e+00
-4.688248e+00 4.704092e+00
5.344668e+00 -5.397933e+00
-5.882254e+00 5.825346e+00
-3.566273e+00 3.605558e+00
-6.902606e-01 6.649380e-01
8.863917e+00 -8.912656e+00
8.634628e+00 -8.671344e+00
-5.862562e+00 5.902461e+00
-2.835619e+00 2.799712e+00
-7.012012e+00 7.005296e+00
1.997016e-01 -1.988438e-01
-7.883490e-01 6.789001e-01
8.015203e+00 -8.099180e+00
8.600108e+00 -8.580912e+00
-2.328652e+00 2.286580e+00
-1.652411e-01 2.255626e-01
7.924725e+00 -7.869536e+00
6.134156e+00 -6.093104e+00
-9.926874e+00 1.003075e+01
-3.598809e+00 3.594066e+00
-1.564515e+00 1.601556e+00
-5.405674e+00 5.372315e+00
-6.008568e+00 6.148557e+00
-9.244310e+00 9.357542e+00
2.867395e+00 -2.866716e+00
-4.749794e+00 4.771862e+00
-8.953056e+00 9.030650e+00
-5.380414e+00 5.372015e+00
6.038279e+00 -6.075761e+00
7.029784e+00 -6.979893e+00
-3.386751e-01 3.431527e-01
-1.678587e+00 1.689033e+00
9.557074e+00 -9.604697e+00
-5.988707e+00 5.890656e+00
-5.692814e+00 5.706294e+00
-4.162656e+00 4.214315e+00
-6.544854e+00 6.531964e+00
-2.412688e+00 2.494684e+00
8.216685e+00 -8.256866e+00
2.306957e+00 -2.367163e+00
-1.761069e+00 1.757231e+00
8.688216e+00 -8.692931e+00
-9.030715e+00 9.074668e+00
-5.794476e+00 5.750239e+00
1.317772e+00 -1.239677e+00
2.311052e+00 -2.198774e+00
-9.208850e+00 9.206615e+00
-1.939225e+00 2.010563e+00
2.983079e+00 -3.043388e+00
3.961411e+00 -3.900034e+00
2.762798e+00 -2.703016e+00
-3.588736e+00 3.638023e+00
-8.129598e+00 8.128709e+00
-1.457751e+00 1.289112e+00
-7.424911e+00 7.388279e+00
8.952473e+00 -8.988203e+00
-4.965827e-01 4.407405e-01
-3.654817e+00 3.661795e+00
5.326081e+00 -5.349997e+00
-4.102815e-02 -6.043536e-03
-3.799320e+00 3.738880e+00
6.239355e+00 -6.280199e+00
7.343043e+00 -7.279024e+00
3.460163e+00 -3.497897e+00
-9.060712e+00 9.031317e+00
1.326458e+00 -1.352527e+00
5.265898e+00 -5.246547e+00
-7.269940e+00 7.295984e+00
-5.426585e+00 5.252786e+00
7.649902e+00 -7.591584e+00
-9.597566e+00 9.679558e+00
5.054543e+00 -5.114491e+00
-5.245341e-01 4.690320e-01
-1.064557e+00 1.038855e+00
-9.858069e+00 9.814914e+00
6.387965e+00 -6.375182e+00
-2.803502e+00 2.692388e+00
8.153126e-01 -8.791278e-01
3.546014e+00 -3.458151e+00
4.052592e+00 -4.105578e+00
9.119601e+00 -9.048622e+00
6.267991e-01 -6.065151e-01
-2.005609e+00 1.902330e+00
9.074073e+00 -9.037806e+00
2.842205e+00 -2.848922e+00
-4.036993e+00 4.010993e+00
-7.470715e+00 7.484698e+00
6.851090e+00 -6.823996e+00
-2.756368e+00 2.796760e+00
3.209394e+00 -3.142136e+00
-5.836716e-01 6.069694e-01
-6.021404e+00 5.942878e+00
2.033732e+00 -2.060769e+00
-8.786339e+00 8.954338e+00
-1.733151e+00 1.774507e+00
9.322988e-01 -7.970517e-01
-1.279061e+00 1.358717e+00
4.973444e+00 -4.959641e+00
6.558499e+00 -6.541294e+00
5.424861e+00 -5.426950e+00
-9.223741e+00 9.124541e+00
-6.117425e+00 6.118455e+00
7.321502e-01 -6.630407e-01
8.696441e+00 -8.730670e+00
6.699136e+00 -6.675620e+00
6.850690e+00 -6.802078e+00
-3.935836e+00 3.883908e+00
-1.411042e+00 1.385280e+00
-5.858811e-01 5.277752e-01
-6.852568e+00 6.805636e+00
-9.378637e+00 9.305136e+00
8.938058e+00 -8.989459e+00
-5.185748e+00 5.266776e+00
-5.201022e+00 5.148763e+00
-8.332419e+00 8.339638e+00
8.570155e+00 -8.598861e+00
1.594742e+00 -1.527449e+00
3.340737e+00 -3.265891e+00
8.231538e+00 -8.182214e+00
-3.087597e+00 3.105072e+00
2.430146e+00 -2.443336e+00
-9.224011e+00 9.155975e+00
-6.264549e+00 6.375493e+00
6.624916e+00 -6.668281e+00
5.335367e+00 -5.297484e+00
-2.987146e+00 3.047630e+00
-2.463787e+00 2.432090e+00
6.710887e-01 -6.118354e-01
-9.995180e+00 1.003880e+01
-5.175113e+00 5.273751e+00
-5.835364e+00 5.808572e+00
-4.990341e+00 4.916940e+00
6.118117e+00 -6.146972e+00
-4.406523e+00 4.418445e+00
-6.169574e+00 6.172897e+00
8.526922e-02 -1.077280e-01
7.312901e+00 -7.421884e+00
-5.173006e+00 5.199863e+00
-8.429275e+00 8.541863e+00
-2.871905e+00 2.898406e+00
4.953036e+00 -4.918265e+00
1.013811e+00 -9.811338e-01
6.335867e+00 -6.313203e+00
9.191843e+00 -9.138660e+00
5.853250e+00 -5.830680e+00
2.076062e+00 -2.093910e+00
-1.331682e-01 8.773046e-02
-9.198618e+00 9.184406e+00
9.686440e+00 -9.668508e+00
-2.330378e+00 2.312334e+00
-6.955436e+00 6.973379e+00
3.334177e+00 -3.309109e+00
-4.314234e+00 4.361795e+00
1.715565e+00 -1.642339e+00
1.735358e+00 -1.730905e+00
-1.085404e+00 1.010751e+00
6.722372e+00 -6.742072e+00
-4.700659e+00 4.703174e+00
-1.027348e+00 9.225562e-01
7.538426e-01 -6.745728e-01
3.272494e+00 -3.264367e+00
5.679437e+00 -5.657668e+00
-2.103854e+00 2.181803e+00
2.920939e+00 -2.956910e+00
-6.987781e+00 7.020549e+00
8.652962e+00 -8.659233e+00
-2.338824e+00 2.328316e+00
4.590428e+00 -4.634508e+00
-9.593178e+00 9.688257e+00
-5.896257e+00 5.874822e+00
-2.583491e-01 2.982769e-01
7.565049e+00 -7.672081e+00
5.451030e-01 -4.777452e-01
8.597410e+00 -8.537346e+00
-3.240621e-01 3.296239e-01
-1.910181e-01 1.780634e-01
-7.605064e+00 7.627898e+00
6.053125e+00 -5.922473e+00
-5.060692e+00 4.960040e+00
7.992250e+00 -7.947609e+00
8.216484e+00 -8.268523e+00
8.866202e+00 -8.867339e+00
4.046098e-01 -4.187596e-01
3.541876e+00 -3.566326e+00
5.570318e+00 -5.570915e+00
-7.379708e+00 7.314965e+00
2.019144e+00 -1.960395e+00
-9.314042e+00 9.211626e+00
-4.867833e-02 7.948994e-02
-6.903146e+00 6.884507e+00
-6.341541e+00 6.274701e+00
-2.699049e+00 2.710601e+00
-1.351257e+00 1.262381e+00
2.463448e+00 -2.461181e+00
-8.511432e+00 8.430209e+00
7.383522e-02 -4.750423e-02
-6.347497e+00 6.294732e+00
1.479504e+00 -1.505248e+00
2.748092e+00 -2.731313e+00
1.134185e+00 -1.178284e+00
4.765910e+00 -4.769219e+00
-3.287815e+00 3.201400e+00
5.302132e+00 -5.266119e+00
-1.344658e+00 1.445406e+00
-3.163100e-01 4.756989e-01
2.962043e+00 -2.956838e+00
-9.632832e+00 9.677826e+00
3.079884e+00 -3.181529e+00
2.371703e+00 -2.285922e+00
-3.803058e+00 3.847367e+00
-8.284114e+00 8.256490e+00
-8.181291e+00 8.251914e+00
8.464475e+00 -8.479001e+00
3.785586e+00 -3.811732e+00
-7.457948e+00 7.485081e+00
-2.865537e+00 2.804837e+00
1.849660e+00 -1.791342e+00
6.711434e+00 -6.771714e+00
-9.126781e+00 9.066841e+00
-5.267337e+00 5.215409e+00
7.794980e+00 -7.751625e+00
-9.816689e+00 9.781481e+00
-5.972018e+00 5.895070e+00
9.180484e+00 -9.215058e+00
2.268037e+00 -2.269866e+00
-4.766573e+00 4.699159e+00
-8.660178e+00 8.594436e+00
-9.436173e+00 9.556693e+00
-5.105098e+00 5.055974e+00
7.629716e+00 -7.648157e+00
-1.681727e+00 1.660764e+00
4.406667e+00 -4.430720e+00
8.365701e+00 -8.330232e+00
-1.839191e+00 1.893314e+00
-6.174453e+00 6.156988e+00
3.423586e-01 -4.129410e-01
8.161674e+00 -8.088924e+00
6.087488e+00 -6.092931e+00
-8.683403e+00 8.782176e+00
3.851456e+00 -3.979642e+00
1.437950e+00 -1.426796e+00
8.149264e+00 -8.039743e+00
-7.550372e+00 7.530206e+00
6.807223e-01 -6.935942e-01
7.589254e+00 -7.572385e+00
-1.799524e+00 1.767626e+00
-3.601016e-01 3.422875e-01
-8.590786e+00 8.571503e+00
-4.437127e+00 4.401312e+00
-3.509867e+00 3.580014e+00
8.902449e+00 -8.876129e+00
-4.346653e+00 4.360960e+00
-7.826253e-01 8.287813e-01
3.426088e+00 -3.441179e+00
-6.756333e+00 6.712138e+00
-2.711523e-01 2.367524e-01
4.770781e+00 -4.770679e+00
7.337104e+00 -7.397568e+00
2.525185e+00 -2.553742e+00
3.381070e+00 -3.410532e+00
-7.474331e+00 7.595608e+00
8.915530e+00 -9.073869e+00
-7.348518e+00 7.338265e+00
5.493459e+00 -5.394950e+00
-4.703674e+00 4.710629e+00
8.671863e+00 -8.628855e+00
4.399191e+00 -4.393492e+00
5.076274e+00 -5.114368e+00
-5.618817e+00 5.490840e+00
-1.139200e+00 1.150929e+00
2.356264e+00 -2.400538e+00
5.399472e+00 -5.445158e+00
-7.920812e+00 7.892329e+00
9.247306e+00 -9.147704e+00
7.804413e+00 -7.667137e+00
-4.593028e+00 4.605427e+00
6.455205e+00 -6.481735e+00
3.664785e-01 -4.336786e-01
-7.638704e-01 7.906162e-01
-3.711318e+00 3.813092e+00
1.619372e+00 -1.633491e+00
4.597782e+00 -4.733584e+00
-1.781342e+00 1.819591e+00
2.584384e+00 -2.528134e+00
3.986258e+00 -4.076784e+00
4.222436e+00 -4.212362e+00
-8.960678e+00 8.986436e+00
7.194956e+00 -7.199129e+00
-8.349337e-01 7.897938e-01
-4.751678e+00 4.809672e+00
-5.164710e+00 5.141684e+00
-3.397177e-01 2.549382e-01
7.736631e+00 -7.853622e+00
-2.433048e+00 2.505022e+00
4.994515e+00 -4.959314e+00
-8.063625e+00 8.068647e+00
-4.788660e-01 4.537336e-01
9.833723e+00 -9.863920e+00
5.408756e+00 -5.470163e+00
-5.789430e+00 5.764801e+00
2.882947e-02 -1.498513e-01
-5.327505e+00 5.285488e+00
-1.808781e+00 1.791032e+00
5.601680e+00 -5.566866e+00
5.424496e+00 -5.426775e+00
-5.437992e+00 5.483369e+00
8.444466e+00 -8.367453e+00
1.851364e+00 -1.790960e+00
-2.401514e+00 2.428372e+00
3.871162e-02 -3.803445e-02
2.101425e+00 -2.157412e+00
1.197811e+00 -1.155572e+00
-2.718993e-01 3.677850e-01
9.865608e-02 -7.912749e-02
-6.471762e+00 6.581206e+00
6.254658e+00 -6.341743e+00
8.352064e-01 -9.010900e-01
-7.378403e+00 7.427221e+00
5.323142e+00 -5.308055e+00
8.648880e+00 -8.573884e+00
8.946138e+00 -8.947021e+00
-2.619645e+00 2.570098e+00
-7.289663e+00 7.277470e+00
3.679925e-01 -4.554834e-01
-7.747815e+00 7.683392e+00
8.679748e+00 -8.624238e+00
-6.328407e+00 6.378229e+00
-4.944683e+00 4.965404e+00
-1.867269e+00 1.769024e+00
-2.336711e+00 2.316252e+00
5.893258e+00 -5.963185e+00
-8.736636e-01 9.408241e-01
-6.584635e+00 6.551314e+00
-4.655802e+00 4.593824e+00
1.822677e-01 -1.805668e-01
-7.050922e+00 7.014379e+00
2.233114e+00 -2.148416e+00
1.314946e+00 -1.356892e+00
4.294046e+00 -4.373919e+00
8.754092e+00 -8.876988e+00
8.245091e+00 -8.246849e+00
8.921512e+00 -8.953589e+00
-5.105688e+00 5.024121e+00
-7.368694e+00 7.436579e+00
-3.954466e+00 3.992555e+00
7.901703e+00 -7.903314e+00
9.441069e+00 -9.363189e+00
7.186499e+00 -7.148679e+00
-7.799646e+00 7.752674e+00
8.948560e+00 -9.007882e+00
-1.532839e+00 1.579533e+00
-9.813794e+00 9.836420e+00
-1.152125e+00 1.161815e+00
-9.078617e+00 9.030296e+00
8.775584e-01 -8.428547e-01
-3.228919e+00 3.185793e+00
-5.313013e-01 5.254796e-01
2.263407e+00 -2.180811e+00
7.376022e+00 -7.413745e+00
3.238032e+00 -3.327823e+00
-1.319023e+00 1.258940e+00
6.388557e+00 -6.331799e+00
8.111643e+00 -8.097102e+00
-7.604801e+00 7.597444e+00
6.386596e-01 -6.677204e-01
-4.309761e+00 4.337467e+00
-9.058776e+00 9.010306e+00
3.370934e+00 -3.353485e+00
7.255416e+00 -7.297158e+00
-6.741947e+00 6.690705e+00
6.248273e+00 -6.284663e+00
7.067915e+00 -7.089344e+00
8.286809e+00 -8.289596e+00
-4.694298e+00 4.707739e+00
8.079061e+00 -8.289606e+00
-3.586745e+00 3.540641e+00
1.046760e+00 -1.069112e+00
-8.989851e+00 9.075765e+00
-9.122378e+00 9.060728e+00
4.407464e+00 -4.398171e+00
-1.110400e+00 1.195742e+00
-4.874152e+00 4.799204e+00
-6.191730e+00 6.214220e+00
3.399070e+00 -3.444866e+00
-9.991969e+00 9.963163e+00
6.117823e+00 -6.163668e+00
-8.415008e+00 8.373231e+00
-6.170208e+00 6.325584e+00
-2.275272e+00 2.323477e+00
-3.028252e-01 3.657162e-01
-2.900098e+00 2.928182e+00
-3.585757e+00 3.494066e+00
9.278320e+00 -9.255775e+00
2.831594e+00 -2.770347e+00
-9.531341e+00 9.482626e+00
-1.396482e+00 1.451586e+00
7.500174e+00 -7.459968e+00
-3.970876e+00 4.076597e+00
-8.108873e+00 8.085025e+00
5.167695e+00 -5.230351e+00
2.120277e+00 -2.140920e+00
1.406250e+00 -1.324303e+00
-8.928469e+00 8.824097e+00
-7.190020e+00 7.071950e+00
2.450988e+00 -2.445885e+00
-5.843523e+00 5.818259e+00
8.140159e-02 -8.096046e-02
8.976337e-01 -8.436721e-01
-4.329856e+00 4.298314e+00
8.968503e+00 -9.075421e+00
6.849282e+00 -6.732576e+00
4.447470e+00 -4.504395e+00
-8.440123e+00 8.379669e+00
-7.877400e+00 7.940404e+00
-1.443731e-01 1.224251e-01
-6.785733e+00 6.782115e+00
9.565309e+00 -9.537750e+00
-6.829595e+00 6.891450e+00
-2.506433e-01 2.316082e-01
-2.717579e+00 2.804343e+00
2.787728e+00 -2.909647e+00
-7.419272e+00 7.462643e+00
-1.393671e+00 1.345748e+00
-4.505899e+00 4.584233e+00
7.755030e+00 -7.746922e+00
-9.188286e+00 9.149874e+00
8.274550e+00 -8.236713e+00
6.659883e+00 -6.608897e+00
-4.048586e+00 4.085227e+00
5.785813e+00 -5.844592e+00
-9.375729e+00 9.348099e+00
9.337311e+00 -9.337543e+00
5.318989e-01 -5.342541e-01
-3.934379e+00 3.977178e+00
-2.748336e+00 2.633318e+00
-8.671893e+00 8.690977e+00
9.786990e+00 -9.803543e+00
-9.214161e+00 9.166297e+00
3.098142e+00 -3.140526e+00
-1.145281e+00 1.133035e+00
8.978324e+00 -9.183887e+00
-5.080005e+00 5.039973e+00
6.417365e-01 -6.917310e-01
-3.528758e-01 3.832889e-01
4.057329e+00 -4.103311e+00
-8.639795e+00 8.627516e+00
-6.124217e+00 6.212256e+00
-5.708704e+00 5.765465e+00
4.763015e+00 -4.711510e+00
-6.217226e+00 6.188692e+00
1.469835e+00 -1.438837e+00
-5.695124e+00 5.681772e+00
7.232499e+00 -7.243693e+00
8.843709e+00 -8.820323e+00
3.698595e-01 -4.039379e-01
-2.953822e+00 3.039048e+00
-5.318844e+00 5.309704e+00
-9.004380e+00 9.039678e+00
-4.629998e+00 4.713089e+00
3.084716e+00 -3.025825e+00
6.723386e-01 -7.527646e-01
8.880826e+00 -8.855429e+00
-2.074455e+00 2.123017e+00
3.877267e+00 -3.826356e+00
-2.135451e-01 1.499944e-01
2.515243e-01 -2.890301e-01
-4.644514e+00 4.701287e+00
-9.009845e-01 8.575006e-01
-5.843001e-01 5.671924e-01
4.132850e+00 -4.042894e+00
8.812800e+00 -8.815529e+00
-3.413574e+00 3.372088e+00
-9.155991e+00 9.105893e+00
-7.409749e-02 9.309025e-02
8.892266e-01 -9.653273e-01
-6.631189e+00 6.617070e+00
5.209292e+00 -5.190270e+00
9.698582e+00 -9.624422e+00
8.915494e+00 -8.877388e+00
-6.057879e+00 6.017118e+00
7.507265e+00 -7.439997e+00
4.089873e+00 -4.106970e+00
-9.230687e-01 8.525306e-01
8.122199e-01 -8.220406e-01
6.992003e+00 -6.909908e+00
-3.973012e-01 4.067337e-01
-2.535853e+00 2.536567e+00
-1.350501e-01 2.285078e-01
1.582596e+00 -1.664303e+00
-6.218447e+00 6.145061e+00
8.018155e+00 -8.110393e+00
3.483739e+00 -3.462467e+00
2.665378e+00 -2.655874e+00
-8.010075e+00 8.098140e+00
2.083479e+00 -2.069580e+00
-7.580787e+00 7.557716e+00
-8.426046e+00 8.426149e+00
5.462179e-01 -5.394988e-01
-1.944289e+00 1.848859e+00
1.776205e+00 -1.621490e+00
-8.215557e+00 8.245233e+00
-1.380339e+00 1.392327e+00
-6.504266e+00 6.539381e+00
9.742002e+00 -9.701506e+00
1.223004e+00 -1.231028e+00
3.748737e+00 -3.784771e+00
-3.491634e+00 3.525853e+00
-8.105222e+00 8.127239e+00
9.517417e+00 -9.563649e+00
-4.274819e+00 4.355823e+00
-1.523836e+00 1.540582e+00
2.997278e+00 -2.955618e+00
-9.506054e+00 9.585510e+00
6.205183e+00 -6.203933e+00
7.315638e-01 -7.134711e-01
-4.435656e+00 4.481895e+00
-8.767840e+00 8.726463e+00
-6.750032e+00 6.753117e+00
7.900677e+00 -7.893510e+00
3.720484e+00 -3.775060e+00
-5.001966e+00 5.134264e+00
-8.687985e+00 8.607652e+00
3.812306e+00 -3.886406e+00
1.448155e+00 -1.373134e+00
-1.909610e+00 1.950325e+00
-2.727771e+00 2.669205e+00
-5.663714e+00 5.698381e+00
3.392225e+00 -3.308435e+00
9.413361e+00 -9.415088e+00
-6.485695e+00 6.634045e+00
1.942332e+00 -2.040748e+00
-1.516299e+00 1.555905e+00
-1.066226e+00 1.132815e+00
-4.917054e+00 4.967935e+00
6.502698e+00 -6.514363e+00
-2.948879e-01 2.783085e-01
8.681170e-01 -8.427637e-01
-3.904782e+00 3.951348e+00
-6.363831e+00 6.398222e+00
-8.281792e+00 8.341162e+00
4.282383e+00 -4.340543e+00
-6.075314e+00 6.062312e+00
3.801507e+00 -3.855166e+00
-2.192471e+00 2.170430e+00
-1.684504e+00 1.742456e+00
-6.164501e-01 6.226142e-01
-2.645830e+00 2.794638e+00
-7.987600e+00 7.998641e+00
-3.807364e+00 3.810771e+00
3.274687e+00 -3.268626e+00
3.315688e+00 -3.352096e+00
-4.275514e+00 4.272212e+00
-7.979475e-01 8.623255e-01
-6.131055e+00 6.137561e+00
-5.792558e+00 5.747265e+00
-9.539058e+00 9.486251e+00
7.934931e+00 -7.960630e+00
-5.785867e+00 5.790083e+00
-5.449322e+00 5.517456e+00
-4.407971e+00 4.331452e+00
-7.451839e+00 7.433582e+00
2.785258e+00 -2.777020e+00
-8.497141e+00 8.392467e+00
-7.315951e+00 7.268367e+00
2.895135e+00 -2.933945e+00
-3.206788e+00 3.161351e+00
4.158957e+00 -4.148003e+00
1.148495e+00 -1.157660e+00
-4.879577e+00 4.847879e+00
3.016559e+00 -2.992129e+00
-7.674526e+00 7.772885e+00
7.282077e-01 -6.346333e-01
-1.257038e+00 1.147279e+00
-4.642528e+00 4.675470e+00
2.080100e+00 -2.090262e+00
7.426672e+00 -7.417815e+00
9.978094e+00 -1.000083e+01
2.155255e+00 -2.148543e+00
-1.905883e+00 1.914525e+00
-5.495858e+00 5.462809e+00
-4.858078e+00 4.806910e+00
-4.109004e-01 3.852873e-01
-2.654446e+00 2.667818e+00
8.276290e+00 -8.242098e+00
-2.634091e+00 2.682803e+00
-2.531108e+00 2.502898e+00
-2.329310e+00 2.345513e+00
6.732404e+00 -6.677461e+00
3.015766e+00 -2.949230e+00
2.283377e+00 -2.286735e+00
-3.317140e+00 3.304528e+00
6.358084e+00 -6.347174e+00
-9.232723e+00 9.167094e+00
7.415943e+00 -7.426995e+00
2.549980e-01 -2.124944e-01
-2.034995e+00 2.071640e+00
-5.665439e-02 4.122658e-02
3.348311e+00 -3.335883e+00
-9.744691e+00 9.697618e+00
7.431037e+00 -7.390879e+00
-1.065209e+00 1.060767e+00
-3.140670e+00 3.124917e+00
-7.235089e+00 7.214440e+00
-1.210693e+00 1.207102e+00
-7.354457e-02 4.797818e-02
-1.927066e+00 1.964635e+00
3.573202e+00 -3.595766e+00
-1.582069e+00 1.673001e+00
9.228352e+00 -9.144712e+00
1.985550e+00 -2.036443e+00
6.149559e+00 -6.145580e+00
-7.812882e+00 7.775740e+00
-2.054174e+00 2.035528e+00
-3.263046e+00 3.377351e+00
1.389648e+00 -1.407205e+00
7.222270e+00 -7.201707e+00
-8.433236e+00 8.464136e+00
-8.548504e+00 8.491385e+00
7.006354e+00 -7.055166e+00
-5.742998e+00 5.674154e+00
3.375065e+00 -3.425639e+00
8.575626e-01 -1.020252e+00
6.657872e+00 -6.626785e+00
-7.498222e+00 7.615482e+00
-7.404341e+00 7.412779e+00
1.136367e+00 -1.217213e+00
8.927573e+00 -8.964265e+00
-1.700045e+00 1.673851e+00
-3.461158e+00 3.403071e+00
2.133786e+00 -2.084684e+00
8.608972e+00 -8.562720e+00
6.738557e+00 -6.804514e+00
9.909672e+00 -9.868282e+00
-9.548628e+00 9.635784e+00
-7.742837e+00 7.851442e+00
2.189355e+00 -2.025799e+00
6.411529e+00 -6.463018e+00
-4.295113e+00 4.456329e+00
-5.215778e+00 5.195559e+00
5.739516e+00 -5.773336e+00
-8.872363e+00 8.891033e+00
-2.612347e+00 2.579121e+00
1.161845e-01 -9.340564e-02
1.206973e+00 -1.282328e+00
4.572303e+00 -4.585932e+00
-2.903086e+00 2.976471e+00
2.253687e+00 -2.256944e+00
1.707508e+00 -1.699426e+00
9.523220e-01 -9.251926e-01
2.809666e+00 -2.742840e+00
-4.811017e+00 4.716531e+00
-8.307025e+00 8.340392e+00
-7.614567e+00 7.599260e+00
-5.508352e+00 5.517865e+00
3.958710e-03 5.654688e-02
6.808855e+00 -6.877023e+00
4.025867e+00 -4.083672e+00
5.780812e+00 -5.891293e+00
-2.980488e+00 2.949140e+00
-1.906925e+00 1.982871e+00
-2.126362e+00 2.119479e+00
-6.162536e+00 6.086037e+00
-8.775667e+00 8.747943e+00
1.818322e+00 -1.903254e+00
9.784334e+00 -9.848563e+00
-6.663406e+00 6.685601e+00
-9.066304e+00 8.999295e+00
5.590634e+00 -5.527121e+00
-4.948280e+00 4.944220e+00
6.592876e+00 -6.587990e+00
4.078733e+00 -4.094624e+00
8.913471e+00 -8.869354e+00
-1.821455e+00 1.866161e+00
3.239397e+00 -3.220271e+00
-7.029044e-01 7.351445e-01
2.611774e+00 -2.623881e+00
-1.008022e+00 1.038973e+00
-6.227355e+00 6.208068e+00
1.579483e-01 -1.578209e-01
5.716840e-01 -5.873616e-01
6.212077e+00 -6.238177e+00
4.710414e+00 -4.749751e+00
3.275832e+00 -3.249135e+00
-7.732258e+00 7.807072e+00
4.412326e+00 -4.345475e+00
6.103127e-03 -7.783219e-02
7.881991e+00 -7.808399e+00
8.397419e+00 -8.415580e+00
-8.896868e+00 8.931160e+00
6.412831e+00 -6.464561e+00
-9.246052e+00 9.254157e+00
-2.656607e+00 2.674516e+00
8.459995e-01 -9.307458e-01
-7.037984e+00 7.072706e+00
4.926276e+00 -4.849446e+00
-9.832906e+00 9.822936e+00
-6.628019e+00 6.705662e+00
1.615937e+00 -1.626765e+00
4.287751e+00 -4.239254e+00
8.332862e+00 -8.459506e+00
4.109933e+00 -3.971861e+00
3.435585e+00 -3.350220e+00
-2.113177e+00 2.096930e+00
-9.974311e+00 9.861738e+00
-7.596815e+00 7.613256e+00
6.910909e-01 -7.735151e-01
3.502598e+00 -3.477204e+00
-1.651034e+00 1.674528e+00
4.613580e+00 -4.667319e+00
4.372459e-01 -3.732573e-01
-8.516476e+00 8.562461e+00
-6.159675e+00 6.215378e+00
6.799964e+00 -6.799459e+00
4.498255e+00 -4.579058e+00
7.895240e+00 -7.839419e+00
-7.648855e+00 7.633421e+00
9.804451e+00 -9.883784e+00
-5.811866e+00 5.889045e+00
-9.764402e+00 9.884244e+00
9.948459e+00 -9.950813e+00
-4.378522e+00 4.501772e+00
3.360389e+00 -3.355176e+00
-6.466354e+00 6.444636e+00
1.604571e+00 -1.640559e+00
8.080700e+00 -7.987249e+00
-3.596377e+00 3.551843e+00
3.405080e+00 -3.363108e+00
-6.241928e+00 6.210009e+00
2.495908e+00 -2.522184e+00
-3.270993e+00 3.329803e+00
-5.775835e+00 5.754141e+00
-3.736359e+00 3.713252e+00
-6.423179e+00 6.487843e+00
8.038322e+00 -7.947137e+00
-2.056262e+00 2.093063e+00
-5.094414e+00 5.057037e+00
-1.031843e+00 1.002696e+00
-3.589277e+00 3.593839e+00
4.888385e+00 -4.870065e+00
9.424398e+00 -9.480789e+00
-1.239327e+00 1.280600e+00
7.220668e+00 -7.215787e+00
1.317261e+00 -1.415200e+00
-6.855287e+00 6.802260e+00
3.812455e+00 -3.841232e+00
2.686899e-01 -2.728489e-01
3.012130e+00 -2.904284e+00
7.793748e+00 -7.780153e+00
-1.191309e+00 1.143314e+00
8.023552e+00 -8.010958e+00
5.013380e+00 -5.033479e+00
-2.279015e-01 2.464398e-01
2.064443e+00 -2.031302e+00
-3.488377e+00 3.557404e+00
9.671946e+00 -9.673332e+00
3.347023e+00 -3.253466e+00
-9.123063e+00 9.174896e+00
-3.467562e+00 3.427179e+00
2.466289e+00 -2.340143e+00
-8.873334e+00 8.892000e+00
-9.522316e+00 9.474644e+00
-9.995152e-01 1.093869e+00
-3.346196e+00 3.464803e+00
-1.234028e+00 1.232143e+00
-4.746134e+00 4.717384e+00
-6.705645e+00 6.695805e+00
3.782867e+00 -3.742068e+00
2.914223e-01 -2.184779e-01
-5.996916e+00 6.029481e+00
-3.608211e+00 3.614018e+00
1.836158e+00 -1.750646e+00
-8.555413e+00 8.537555e+00
-7.050940e+00 7.109788e+00
-8.535088e+00 8.518644e+00
6.246347e+00 -6.221742e+00
5.048185e+00 -5.054667e+00
5.066259e+00 -5.069447e+00
4.326507e+00 -4.348049e+00
3.387708e+00 -3.310940e+00
-4.601617e-01 4.183238e-01
2.845563e+00 -2.887818e+00
-9.232769e+00 9.353842e+00
2.429288e+00 -2.373470e+00
5.557554e+00 -5.693705e+00
7.167208e-03 -3.943412e-02
-2.849733e+00 2.746299e+00
-4.451465e+00 4.397197e+00
2.856041e+00 -3.035198e+00
3.856024e+00 -3.863844e+00
7.419352e+00 -7.484538e+00
-3.153318e+00 3.156738e+00
5.395446e+00 -5.488214e+00
1.227116e+00 -1.222384e+00
7.656730e+00 -7.680415e+00
5.562422e-01 -4.705055e-01
3.525966e-01 -2.720315e-01
1.557542e+00 -1.512711e+00
4.986307e+00 -5.004951e+00
9.293810e+00 -9.180477e+00
-8.528733e+00 8.440080e+00
-8.931308e+00 8.851188e+00
8.751007e+00 -8.755789e+00
5.975125e-01 -4.688443e-01
2.298060e+00 -2.309610e+00
-3.515280e-01 3.410677e-01
-8.126851e+00 8.044542e+00
5.361788e+00 -5.307791e+00
4.944493e+00 -4.890082e+00
-3.765934e+00 3.810977e+00
-3.875215e+00 3.839297e+00
6.756828e+00 -6.797169e+00
-8.552855e+00 8.479039e+00
7.622103e+00 -7.617315e+00
-4.866766e+00 4.805093e+00
1.859695e+00 -1.926906e+00
8.719884e+00 -8.744069e+00
3.562450e+00 -3.590373e+00
-1.711404e+00 1.680694e+00
3.790684e+00 -3.764058e+00
-3.120407e+00 3.124920e+00
-4.454832e+00 4.438383e+00
9.933666e+00 -9.923219e+00
5.015805e+00 -5.072404e+00
2.894400e+00 -2.888390e+00
-2.894207e+00 2.902804e+00
-9.016783e+00 8.930984e+00
-9.378862e+00 9.435700e+00
1.083625e+00 -1.133940e+00
5.240654e+00 -5.235499e+00
7.475838e-01 -6.811152e-01
6.815701e+00 -6.762861e+00
-9.331469e+00 9.333429e+00
-2.664958e+00 2.644266e+00
-5.258592e+00 5.312679e+00
-1.054541e+00 1.093055e+00
-8.552472e+00 8.517174e+00
9.082633e+00 -9.128008e+00
-5.534892e+00 5.416595e+00
8.446156e+00 -8.437363e+00
-1.482137e+00 1.477416e+00
9.710483e+00 -9.645625e+00
1.081168e+00 -1.060672e+00
8.616657e+00 -8.540495e+00
-9.893020e+00 9.853212e+00
4.964776e+00 -4.899807e+00
8.061013e+00 -8.091205e+00
-7.205589e+00 7.249977e+00
-8.077483e+00 7.994212e+00
-1.508548e+00 1.521970e+00
8.673578e+00 -8.786871e+00
8.477312e-01 -8.629803e-01
5.491293e-01 -5.239924e-01
-7.177478e+00 7.147739e+00
-9.984210e+00 9.924247e+00
6.202802e+00 -6.154502e+00
-8.248509e+00 8.242603e+00
2.676996e+00 -2.704943e+00
8.292329e+00 -8.289938e+00
-5.826962e+00 5.977472e+00
3.305457e+00 -3.239611e+00
-8.426028e+00 8.492392e+00
2.075103e+00 -2.050240e+00
-6.721366e+00 6.730869e+00
4.719071e+00 -4.855848e+00
-3.975374e+00 3.936616e+00
-7.321798e-01 7.047470e-01
1.988611e+00 -2.095636e+00
-6.574532e+00 6.508463e+00
4.832756e+00 -4.945829e+00
-3.947193e+00 3.945006e+00
3.247437e+00 -3.200699e+00
-6.834339e+00 6.897517e+00
3.762353e+00 -3.738676e+00
-7.436239e+00 7.381245e+00
-1.492870e+00 1.382581e+00
-5.055879e+00 4.955590e+00
4.967505e+00 -5.039943e+00
-4.759300e+00 4.708561e+00
7.634346e+00 -7.643465e+00
7.836404e+00 -7.894296e+00
-6.071174e+00 6.090524e+00
2.276919e+00 -2.290178e+00
-8.245647e+00 8.246249e+00
-2.169258e+00 2.234347e+00
4.266435e+00 -4.333806e+00
3.188465e+00 -3.164564e+00
2.494013e+00 -2.494811e+00
-4.349183e+00 4.330146e+00
-2.439501e+00 2.490034e+00
-7.941077e+00 7.991254e+00
4.380456e+00 -4.434485e+00
7.777594e-02 -8.817429e-02
4.175313e+00 -4.159260e+00
-5.021130e+00 5.005545e+00
-3.511235e+00 3.544630e+00
-3.315693e+00 3.331745e+00
-9.485152e+00 9.589761e+00
-3.179043e+00 3.091689e+00
6.066091e+00 -6.073081e+00
7.945970e+00 -7.997830e+00
3.643663e-01 -3.298818e-01
-8.899661e-01 7.976524e-01
-9.383508e+00 9.403276e+00
7.584087e+00 -7.620052e+00
-9.739796e+00 9.697887e+00


# ===== high_noise =====
# x F
4.584805e+00 -5.410516e+00
7.494941e+00 -7.760423e+00
8.774386e+00 -8.155316e+00
6.101868e+00 -6.116246e+00
7.011604e+00 -6.653302e+00
1.010906e+00 -6.067132e-02
6.517765e+00 -6.367204e+00
-3.929922e+00 3.610940e+00
-2.030425e+00 2.297148e+00
-3.661740e+00 3.351037e+00
-6.522533e-01 3.643115e-01
-4.288408e+00 3.420801e+00
9.232229e+00 -8.703489e+00
-3.743107e+00 3.522764e+00
-8.039109e+00 8.143057e+00
5.363433e-01 -1.127706e+00
-8.858018e+00 9.106872e+00
-7.789137e+00 7.354194e+00
-5.612212e+00 5.531320e+00
-7.129950e-01 1.214088e+00
-1.334981e+00 1.786374e+00
5.993837e+00 -6.006413e+00
4.789493e+00 -5.798803e+00
-1.473634e+00 3.182033e+00
-3.325916e+00 4.322512e+00
-3.670624e+00 4.083152e+00
5.479902e+00 -5.909856e+00
-8.958552e+00 8.893710e+00
-9.743567e+00 9.433364e+00
5.910888e+00 -5.189435e+00
-4.570725e-01 6.069181e-01
-7.382377e+00 6.934750e+00
-5.288681e+00 5.019958e+00
8.650079e+00 -8.010066e+00
7.190060e+00 -6.276669e+00
4.195701e+00 -3.323277e+00
-3.554954e-01 7.876353e-01
4.064725e-01 -5.506795e-01
9.504891e+00 -1.135526e+01
9.315409e+00 -9.145780e+00
-5.694619e+00 5.693575e+00
6.222091e+00 -6.142185e+00
-6.055147e+00 6.085913e+00
-5.729250e+00 4.972174e+00
3.521861e+00 -3.203673e+00
-1.899978e+00 2.260869e+00
8.630888e+00 -8.241386e+00
-8.219805e+00 8.760144e+00
2.305128e-01 1.143006e-01
8.370431e+00 -8.604489e+00
8.082273e+00 -8.122709e+00
-6.869416e+00 6.921433e+00
-2.667246e+00 2.728725e+00
2.382428e+00 -1.812611e+00
-6.812102e+00 7.179531e+00
9.360443e+00 -8.174625e+00
8.294987e+00 -7.035458e+00
-6.660996e+00 6.706463e+00
-7.576891e+00 5.386796e+00
-8.291830e+00 8.997857e+00
8.188873e+00 -8.497339e+00
-6.127524e+00 5.670009e+00
-1.674301e+00 1.446855e+00
-1.022973e+00 7.680135e-01
1.980221e+00 -1.630716e+00
-8.565293e+00 7.675114e+00
-5.464828e+00 4.849628e+00
8.629808e+00 -8.433921e+00
8.168202e+00 -7.812604e+00
5.625813e+00 -5.259599e+00
-9.611975e+00 9.162708e+00
-3.459865e+00 2.901437e+00
2.559175e+00 -2.848379e+00
-4.496196e+00 4.633123e+00
8.191734e+00 -7.343772e+00
2.677789e+00 -3.846537e+00
-8.561866e+00 8.435866e+00
8.180112e+00 -8.940850e+00
9.155333e+00 -1.009849e+01
-8.445752e+00 8.997724e+00
6.472047e-01 -3.363143e-01
-3.932714e+00 4.189266e+00
-2.143218e+00 2.668972e+00
-6.406976e+00 6.133136e+00
1.561442e+00 -1.808406e+00
9.159587e+00 -7.911897e+00
6.145201e-02 -2.022032e-01
-8.341708e+00 8.761347e+00
2.400027e+00 -2.396384e+00
-3.195540e+00 2.140491e+00
7.118504e+00 -8.285648e+00
-1.306437e+00 9.759330e-01
-6.143208e+00 6.746067e+00
-6.177888e+00 6.627871e+00
5.375284e+00 -4.853497e+00
-4.688248e+00 4.124808e+00
5.344668e+00 -4.422272e+00
-5.882254e+00 5.331460e+00
-3.566273e+00 3.687760e+00
-6.902606e-01 6.843511e-01
8.863917e+00 -8.963170e+00
8.634628e+00 -7.870514e+00
-5.862562e+00 5.460061e+00
-2.835619e+00 2.065218e+00
-7.012012e+00 7.023426e+00
1.997016e-01 -4.279364e-01
-7.883490e-01 2.716275e+00
8.015203e+00 -7.629030e+00
8.600108e+00 -8.833773e+00
-2.328652e+00 1.725787e+00
-1.652411e-01 -9.080920e-01
7.924725e+00 -8.509955e+00
6.134156e+00 -6.068543e+00
-9.926874e+00 1.074164e+01
-3.598809e+00 4.239107e+00
-1.564515e+00 1.695290e+00
-5.405674e+00 5.221199e+00
-6.008568e+00 6.162015e+00
-9.244310e+00 8.948253e+00
2.867395e+00 -1.886493e+00
-4.749794e+00 4.641798e+00
-8.953056e+00 8.903772e+00
-5.380414e+00 4.115546e+00
6.038279e+00 -6.149840e+00
7.029784e+00 -6.552290e+00
-3.386751e-01 -2.708176e-01
-1.678587e+00 1.250050e+00
9.557074e+00 -9.104567e+00
-5.988707e+00 5.145780e+00
-5.692814e+00 6.296643e+00
-4.162656e+00 3.858890e+00
-6.544854e+00 6.323046e+00
-2.412688e+00 1.771140e+00
8.216685e+00 -8.000883e+00
2.306957e+00 -9.027774e-01
-1.761069e+00 2.207174e+00
8.688216e+00 -9.181580e+00
-9.030715e+00 9.678967e+00
-5.794476e+00 5.613705e+00
1.317772e+00 -5.331689e-01
2.311052e+00 -1.850574e+00
-9.208850e+00 7.528804e+00
-1.939225e+00 1.366062e+00
2.983079e+00 -2.443992e+00
3.961411e+00 -3.874840e+00
2.762798e+00 -3.347193e+00
-3.588736e+00 3.227061e+00
-8.129598e+00 7.041452e+00
-1.457751e+00 1.407305e+00
-7.424911e+00 8.686849e+00
8.952473e+00 -8.492990e+00
-4.965827e-01 1.746948e+00
-3.654817e+00 4.158519e+00
5.326081e+00 -4.739561e+00
-4.102815e-02 1.167900e+00
-3.799320e+00 4.014674e+00
6.239355e+00 -6.346231e+00
7.343043e+00 -6.753567e+00
3.460163e+00 -2.630261e+00
-9.060712e+00 8.786731e+00
1.326458e+00 -1.738354e+00
5.265898e+00 -5.186634e+00
-7.269940e+00 7.744588e+00
-5.426585e+00 5.882163e+00
7.649902e+00 -8.462866e+00
-9.597566e+00 1.068878e+01
5.054543e+00 -5.420542e+00
-5.245341e-01 3.732260e-01
-1.064557e+00 5.492907e-01
-9.858069e+00 1.139837e+01
6.387965e+00 -6.249782e+00
-2.803502e+00 2.317736e+00
8.153126e-01 -3.221554e-01
3.546014e+00 -3.106965e+00
4.052592e+00 -4.159753e+00
9.119601e+00 -8.639754e+00
6.267991e-01 -1.097904e+00
-2.005609e+00 1.724234e+00
9.074073e+00 -1.022157e+01
2.842205e+00 -3.597961e+00
-4.036993e+00 5.068851e+00
-7.470715e+00 8.407699e+00
6.851090e+00 -6.813536e+00
-2.756368e+00 3.705626e+00
3.209394e+00 -3.300770e+00
-5.836716e-01 4.447247e-01
-6.021404e+00 6.053663e+00
2.033732e+00 -2.105042e+00
-8.786339e+00 8.663497e+00
-1.733151e+00 2.385842e+00
9.322988e-01 -8.465962e-01
-1.279061e+00 1.685770e+00
4.973444e+00 -4.384696e+00
6.558499e+00 -6.336909e+00
5.424861e+00 -5.978726e+00
-9.223741e+00 8.451479e+00
-6.117425e+00 6.202354e+00
7.321502e-01 -8.299092e-01
8.696441e+00 -8.646555e+00
6.699136e+00 -6.708300e+00
6.850690e+00 -5.375898e+00
-3.935836e+00 3.176497e+00
-1.411042e+00 2.751124e-01
-5.858811e-01 7.756132e-01
-6.852568e+00 6.637693e+00
-9.378637e+00 9.559060e+00
8.938058e+00 -8.604758e+00
-5.185748e+00 5.918759e+00
-5.201022e+00 4.340646e+00
-8.332419e+00 8.014625e+00
8.570155e+00 -8.325403e+00
1.594742e+00 -1.154935e+00
3.340737e+00 -2.088641e+00
8.231538e+00 -7.685989e+00
-3.087597e+00 3.055180e+00
2.430146e+00 -2.938438e+00
-9.224011e+00 8.901895e+00
-6.264549e+00 5.926214e+00
6.624916e+00 -6.250886e+00
5.335367e+00 -5.188664e+00
-2.987146e+00 2.231562e+00
-2.463787e+00 2.214960e+00
6.710887e-01 -1.701544e-01
-9.995180e+00 1.019592e+01
-5.175113e+00 5.499715e+00
-5.835364e+00 6.053949e+00
-4.990341e+00 5.918764e+00
6.118117e+00 -5.983375e+00
-4.406523e+00 4.186168e+00
-6.169574e+00 5.646829e+00
8.526922e-02 5.721643e-02
7.312901e+00 -8.706138e+00
-5.173006e+00 5.067807e+00
-8.429275e+00 8.311775e+00
-2.871905e+00 2.093018e+00
4.953036e+00 -5.482922e+00
1.013811e+00 -5.516306e-01
6.335867e+00 -6.204169e+00
9.191843e+00 -9.133739e+00
5.853250e+00 -5.678376e+00
2.076062e+00 -2.023187e+00
-1.331682e-01 8.426369e-01
-9.198618e+00 9.269076e+00
9.686440e+00 -1.051884e+01
-2.330378e+00 3.260912e+00
-6.955436e+00 7.166839e+00
3.334177e+00 -3.670543e+00
-4.314234e+00 3.598749e+00
1.715565e+00 -1.489564e+00
1.735358e+00 -1.802244e+00
-1.085404e+00 1.983981e+00
6.722372e+00 -6.919828e+00
-4.700659e+00 4.222653e+00
-1.027348e+00 1.538699e+00
7.538426e-01 -2.256599e-01
3.272494e+00 -3.176222e+00
5.679437e+00 -5.293349e+00
-2.103854e+00 2.082341e+00
2.920939e+00 -2.787441e+00
-6.987781e+00 7.652798e+00
8.652962e+00 -8.296009e+00
-2.338824e+00 2.242196e+00
4.590428e+00 -3.818453e+00
-9.593178e+00 8.243238e+00
-5.896257e+00 7.067651e+00
-2.583491e-01 -7.154709e-01
7.565049e+00 -7.923015e+00
5.451030e-01 -5.684601e-01
8.597410e+00 -8.681026e+00
-3.240621e-01 8.985560e-01
-1.910181e-01 -4.128314e-01
-7.605064e+00 7.753919e+00
6.053125e+00 -6.383188e+00
-5.060692e+00 5.229168e+00
7.992250e+00 -8.029224e+00
8.216484e+00 -8.163434e+00
8.866202e+00 -9.180118e+00
4.046098e-01 -6.957718e-01
3.541876e+00 -3.377891e+00
5.570318e+00 -5.031612e+00
-7.379708e+00 7.038189e+00
2.019144e+00 -2.515066e+00
-9.314042e+00 9.664226e+00
-4.867833e-02 3.012399e-02
-6.903146e+00 7.377223e+00
-6.341541e+00 5.824481e+00
-2.699049e+00 1.683284e+00
-1.351257e+00 1.047000e+00
2.463448e+00 -2.900909e+00
-8.511432e+00 8.466457e+00
7.383522e-02 -4.373683e-01
-6.347497e+00 6.770495e+00
1.479504e+00 -1.643990e+00
2.748092e+00 -2.662196e+00
1.134185e+00 -1.044202e+00
4.765910e+00 -4.654623e+00
-3.287815e+00 3.274041e+00
5.302132e+00 -5.010663e+00
-1.344658e+00 8.904711e-01
-3.163100e-01 1.115146e+00
2.962043e+00 -3.097066e+00
-9.632832e+00 8.884155e+00
3.079884e+00 -2.972526e+00
2.371703e+00 -2.857586e+00
-3.803058e+00 4.182853e+00
-8.284114e+00 9.545433e+00
-8.181291e+00 7.732289e+00
8.464475e+00 -8.274745e+00
3.785586e+00 -4.787689e+00
-7.457948e+00 7.717052e+00
-2.865537e+00 2.359941e+00
1.849660e+00 -2.206337e+00
6.711434e+00 -7.340086e+00
-9.126781e+00 9.544718e+00
-5.267337e+00 5.842341e+00
7.794980e+00 -7.781631e+00
-9.816689e+00 9.323245e+00
-5.972018e+00 6.879372e+00
9.180484e+00 -9.608843e+00
2.268037e+00 -3.502199e+00
-4.766573e+00 5.028237e+00
-8.660178e+00 8.029535e+00
-9.436173e+00 1.000051e+01
-5.105098e+00 4.887532e+00
7.629716e+00 -7.285096e+00
-1.681727e+00 2.481751e+00
4.406667e+00 -5.096726e+00
8.365701e+00 -8.688757e+00
-1.839191e+00 1.795995e+00
-6.174453e+00 7.052140e+00
3.423586e-01 -7.181861e-01
8.161674e+00 -8.501037e+00
6.087488e+00 -5.814549e+00
-8.683403e+00 8.353901e+00
3.851456e+00 -3.764389e+00
1.437950e+00 -2.323621e+00
8.149264e+00 -6.885248e+00
-7.550372e+00 6.781053e+00
6.807223e-01 -8.643898e-01
7.589254e+00 -7.607795e+00
-1.799524e+00 2.891352e+00
-3.601016e-01 -3.961658e-01
-8.590786e+00 9.723153e+00
-4.437127e+00 4.869350e+00
-3.509867e+00 3.747959e+00
8.902449e+00 -9.464512e+00
-4.346653e+00 4.672680e+00
-7.826253e-01 3.696343e-01
3.426088e+00 -2.703035e+00
-6.756333e+00 6.202017e+00
-2.711523e-01 2.065575e-01
4.770781e+00 -5.087750e+00
7.337104e+00 -7.900816e+00
2.525185e+00 -2.102015e+00
3.381070e+00 -3.075412e+00
-7.474331e+00 8.164475e+00
8.915530e+00 -9.931544e+00
-7.348518e+00 7.955984e+00
5.493459e+00 -4.063263e+00
-4.703674e+00 4.445861e+00
8.671863e+00 -7.590047e+00
4.399191e+00 -4.549412e+00
5.076274e+00 -5.859693e+00
-5.618817e+00 5.444351e+00
-1.139200e+00 1.737551e+00
2.356264e+00 -2.834724e+00
5.399472e+00 -5.742166e+00
-7.920812e+00 8.259625e+00
9.247306e+00 -9.245560e+00
7.804413e+00 -7.470691e+00
-4.593028e+00 4.728789e+00
6.455205e+00 -6.181418e+00
3.664785e-01 -6.132508e-01
-7.638704e-01 8.961503e-01
-3.711318e+00 3.181942e+00
1.619372e+00 -8.838896e-01
4.597782e+00 -4.959848e+00
-1.781342e+00 2.425727e+00
2.584384e+00 -2.717735e+00
3.986258e+00 -3.870950e+00
4.222436e+00 -4.504979e+00
-8.960678e+00 8.380713e+00
7.194956e+00 -8.190925e+00
-8.349337e-01 2.325185e-01
-4.751678e+00 4.566780e+00
-5.164710e+00 5.285658e+00
-3.397177e-01 9.164769e-01
7.736631e+00 -7.991084e+00
-2.433048e+00 1.929595e+00
4.994515e+00 -5.818066e+00
-8.063625e+00 8.337662e+00
-4.788660e-01 1.268441e+00
9.833723e+00 -9.110858e+00
5.408756e+00 -5.003502e+00
-5.789430e+00 6.153933e+00
2.882947e-02 9.402325e-01
-5.327505e+00 5.517068e+00
-1.808781e+00 2.177614e+00
5.601680e+00 -5.784795e+00
5.424496e+00 -6.201997e+00
-5.437992e+00 5.047628e+00
8.444466e+00 -8.449695e+00
1.851364e+00 -1.816665e+00
-2.401514e+00 3.501104e+00
3.871162e-02 7.684181e-03
2.101425e+00 -1.428501e+00
1.197811e+00 -1.446168e+00
-2.718993e-01 9.398400e-02
9.865608e-02 -8.572993e-01
-6.471762e+00 6.048015e+00
6.254658e+00 -5.953839e+00
8.352064e-01 -8.308908e-01
-7.378403e+00 7.916664e+00
5.323142e+00 -5.219676e+00
8.648880e+00 -8.850072e+00
8.946138e+00 -7.719816e+00
-2.619645e+00 2.566042e+00
-7.289663e+00 7.953543e+00
3.679925e-01 -5.970165e-01
-7.747815e+00 8.152879e+00
8.679748e+00 -8.150005e+00
-6.328407e+00 6.447422e+00
-4.944683e+00 3.600663e+00
-1.867269e+00 1.877689e+00
-2.336711e+00 3.039099e+00
5.893258e+00 -5.592154e+00
-8.736636e-01 1.128164e+00
-6.584635e+00 5.601511e+00
-4.655802e+00 4.244542e+00
1.822677e-01 5.254935e-02
-7.050922e+00 7.285183e+00
2.233114e+00 -1.539740e+00
1.314946e+00 -1.397641e+00
4.294046e+00 -4.062388e+00
8.754092e+00 -8.744745e+00
8.245091e+00 -8.808472e+00
8.921512e+00 -1.020920e+01
-5.105688e+00 5.351723e+00
-7.368694e+00 7.467989e+00
-3.954466e+00 3.601590e+00
7.901703e+00 -8.825983e+00
9.441069e+00 -9.081593e+00
7.186499e+00 -7.338295e+00
-7.799646e+00 8.117529e+00
8.948560e+00 -7.884497e+00
-1.532839e+00 3.104372e-01
-9.813794e+00 9.414438e+00
-1.152125e+00 1.032606e+00
-9.078617e+00 9.909081e+00
8.775584e-01 -1.811673e+00
-3.228919e+00 4.333975e+00
-5.313013e-01 6.088525e-01
2.263407e+00 -2.318208e+00
7.376022e+00 -7.489081e+00
3.238032e+00 -3.487065e+00
-1.319023e+00 1.917324e+00
6.388557e+00 -6.998505e+00
8.111643e+00 -7.914468e+00
-7.604801e+00 7.385497e+00
6.386596e-01 -1.073711e+00
-4.309761e+00 5.785924e+00
-9.058776e+00 9.297985e+00
3.370934e+00 -3.020861e+00
7.255416e+00 -6.605934e+00
-6.741947e+00 5.930592e+00
6.248273e+00 -5.248005e+00
7.067915e+00 -8.500114e+00
8.286809e+00 -8.725647e+00
-4.694298e+00 4.432267e+00
8.079061e+00 -7.746994e+00
-3.586745e+00 3.711597e+00
1.046760e+00 -1.141984e+00
-8.989851e+00 8.983002e+00
-9.122378e+00 8.564089e+00
4.407464e+00 -5.262136e+00
-1.110400e+00 1.525118e+00
-4.874152e+00 5.270144e+00
-6.191730e+00 7.096214e+00
3.399070e+00 -3.850039e+00
-9.991969e+00 1.038745e+01
6.117823e+00 -6.279773e+00
-8.415008e+00 9.094572e+00
-6.170208e+00 6.753579e+00
-2.275272e+00 2.395838e+00
-3.028252e-01 1.090097e-01
-2.900098e+00 3.448631e+00
-3.585757e+00 3.955032e+00
9.278320e+00 -9.669022e+00
2.831594e+00 -3.589547e+00
-9.531341e+00 9.366636e+00
-1.396482e+00 2.261532e+00
7.500174e+00 -6.845720e+00
-3.970876e+00 3.335922e+00
-8.108873e+00 7.442277e+00
5.167695e+00 -4.440062e+00
2.120277e+00 -2.768537e+00
1.406250e+00 -1.115527e+00
-8.928469e+00 8.576794e+00
-7.190020e+00 8.113085e+00
2.450988e+00 -2.890773e+00
-5.843523e+00 6.496193e+00
8.140159e-02 2.412207e-02
8.976337e-01 -7.536722e-01
-4.329856e+00 3.205136e+00
8.968503e+00 -1.022600e+01
6.849282e+00 -6.975189e+00
4.447470e+00 -4.306528e+00
-8.440123e+00 7.797821e+00
-7.877400e+00 7.255936e+00
-1.443731e-01 4.648809e-01
-6.785733e+00 7.107030e+00
9.565309e+00 -9.643937e+00
-6.829595e+00 7.274961e+00
-2.506433e-01 -4.196317e-01
-2.717579e+00 2.514399e+00
2.787728e+00 -1.847063e+00
-7.419272e+00 7.458272e+00
-1.393671e+00 1.465775e+00
-4.505899e+00 5.822213e+00
7.755030e+00 -8.553823e+00
-9.188286e+00 9.642916e+00
8.274550e+00 -7.324689e+00
6.659883e+00 -6.845323e+00
-4.048586e+00 4.539292e+00
5.785813e+00 -6.346384e+00
-9.375729e+00 8.983718e+00
9.337311e+00 -9.117559e+00
5.318989e-01 -7.604958e-02
-3.934379e+00 4.574249e+00
-2.748336e+00 3.644334e+00
-8.671893e+00 8.633392e+00
9.786990e+00 -9.105636e+00
-9.214161e+00 9.018762e+00
3.098142e+00 -2.583198e+00
-1.145281e+00 1.263723e+00
8.978324e+00 -8.723916e+00
-5.080005e+00 5.321758e+00
6.417365e-01 -1.557757e+00
-3.528758e-01 -2.888115e-01
4.057329e+00 -3.998795e+00
-8.639795e+00 7.676639e+00
-6.124217e+00 6.598701e+00
-5.708704e+00 6.206218e+00
4.763015e+00 -4.576255e+00
-6.217226e+00 5.577244e+00
1.469835e+00 -6.820046e-01
-5.695124e+00 6.858033e+00
7.232499e+00 -7.148543e+00
8.843709e+00 -8.552278e+00
3.698595e-01 -2.547002e-01
-2.953822e+00 3.256575e+00
-5.318844e+00 5.250596e+00
-9.004380e+00 8.984650e+00
-4.629998e+00 5.147013e+00
3.084716e+00 -1.745753e+00
6.723386e-01 -1.471547e+00
8.880826e+00 -8.940085e+00
-2.074455e+00 1.400607e+00
3.877267e+00 -2.968484e+00
-2.135451e-01 -1.219560e-01
2.515243e-01 -1.075353e+00
-4.644514e+00 5.008813e+00
-9.009845e-01 1.896697e+00
-5.843001e-01 9.631045e-01
4.132850e+00 -4.015945e+00
8.812800e+00 -8.579248e+00
-3.413574e+00 4.221214e+00
-9.155991e+00 8.656968e+00
-7.409749e-02 1.025132e-02
8.892266e-01 -1.147638e+00
-6.631189e+00 5.964531e+00
5.209292e+00 -5.396740e+00
9.698582e+00 -9.066257e+00
8.915494e+00 -8.592058e+00
-6.057879e+00 6.425674e+00
7.507265e+00 -7.423651e+00
4.089873e+00 -3.791142e+00
-9.230687e-01 4.660643e-01
8.122199e-01 -9.888988e-01
6.992003e+00 -6.882401e+00
-3.973012e-01 5.557168e-01
-2.535853e+00 2.718627e+00
-1.350501e-01 5.608361e-02
1.582596e+00 -1.798042e+00
-6.218447e+00 8.021011e+00
8.018155e+00 -7.500529e+00
3.483739e+00 -3.247900e+00
2.665378e+00 -2.798502e+00
-8.010075e+00 7.752504e+00
2.083479e+00 -2.158144e+00
-7.580787e+00 7.747944e+00
-8.426046e+00 7.352629e+00
5.462179e-01 -1.442079e+00
-1.944289e+00 1.580735e+00
1.776205e+00 -1.657963e+00
-8.215557e+00 8.078971e+00
-1.380339e+00 2.224101e+00
-6.504266e+00 5.658063e+00
9.742002e+00 -1.017090e+01
1.223004e+00 -3.552837e-01
3.748737e+00 -3.673890e+00
-3.491634e+00 3.996733e+00
-8.105222e+00 9.276144e+00
9.517417e+00 -9.913465e+00
-4.274819e+00 4.218127e+00
-1.523836e+00 1.368326e+00
2.997278e+00 -4.113027e+00
-9.506054e+00 9.328869e+00
6.205183e+00 -5.702242e+00
7.315638e-01 -4.229767e-01
-4.435656e+00 4.789050e+00
-8.767840e+00 8.553487e+00
-6.750032e+00 6.375509e+00
7.900677e+00 -7.176142e+00
3.720484e+00 -4.004370e+00
-5.001966e+00 5.169838e+00
-8.687985e+00 8.781222e+00
3.812306e+00 -2.977908e+00
1.448155e+00 -8.936390e-01
-1.909610e+00 1.170231e+00
-2.727771e+00 2.049875e+00
-5.663714e+00 5.994176e+00
3.392225e+00 -3.428951e+00
9.413361e+00 -9.673188e+00
-6.485695e+00 7.065450e+00
1.942332e+00 -1.835324e+00
-1.516299e+00 1.546243e+00
-1.066226e+00 1.511379e+00
-4.917054e+00 4.702929e+00
6.502698e+00 -5.607333e+00
-2.948879e-01 -1.549567e-01
8.681170e-01 -4.931194e-01
-3.904782e+00 4.723263e+00
-6.363831e+00 5.577623e+00
-8.281792e+00 8.085805e+00
4.282383e+00 -3.630372e+00
-6.075314e+00 6.735909e+00
3.801507e+00 -3.899403e+00
-2.192471e+00 1.773096e+00
-1.684504e+00 2.230185e+00
-6.164501e-01 1.292061e+00
-2.645830e+00 1.981000e+00
-7.987600e+00 7.300365e+00
-3.807364e+00 3.935948e+00
3.274687e+00 -2.915427e+00
3.315688e+00 -3.486407e+00
-4.275514e+00 4.663278e+00
-7.979475e-01 3.925771e-01
-6.131055e+00 4.923916e+00
-5.792558e+00 5.550581e+00
-9.539058e+00 9.575153e+00
7.934931e+00 -8.092390e+00
-5.785867e+00 5.124496e+00
-5.449322e+00 4.412888e+00
-4.407971e+00 4.114512e+00
-7.451839e+00 7.964251e+00
2.785258e+00 -2.068177e+00
-8.497141e+00 9.175129e+00
-7.315951e+00 6.850202e+00
2.895135e+00 -3.553710e+00
-3.206788e+00 3.490284e+00
4.158957e+00 -3.796420e+00
1.148495e+00 -9.200643e-01
-4.879577e+00 3.729880e+00
3.016559e+00 -3.511406e+00
-7.674526e+00 7.657579e+00
7.282077e-01 -4.500868e-01
-1.257038e+00 1.695043e+00
-4.642528e+00 4.724873e+00
2.080100e+00 -1.891277e+00
7.426672e+00 -7.378228e+00
9.978094e+00 -9.586719e+00
2.155255e+00 -1.976661e+00
-1.905883e+00 1.943408e+00
-5.495858e+00 5.342664e+00
-4.858078e+00 4.904482e+00
-4.109004e-01 6.875218e-01
-2.654446e+00 2.807130e+00
8.276290e+00 -8.058902e+00
-2.634091e+00 3.400562e+00
-2.531108e+00 2.682473e+00
-2.329310e+00 1.958839e+00
6.732404e+00 -6.228011e+00
3.015766e+00 -3.795639e+00
2.283377e+00 -2.900685e+00
-3.317140e+00 3.508853e+00
6.358084e+00 -6.063307e+00
-9.232723e+00 8.522005e+00
7.415943e+00 -7.634469e+00
2.549980e-01 -6.009715e-01
-2.034995e+00 1.757184e+00
-5.665439e-02 5.952924e-01
3.348311e+00 -2.945013e+00
-9.744691e+00 9.733776e+00
7.431037e+00 -7.742691e+00
-1.065209e+00 2.947831e-01
-3.140670e+00 3.951360e+00
-7.235089e+00 7.573088e+00
-1.210693e+00 8.073015e-01
-7.354457e-02 4.843167e-01
-1.927066e+00 1.886980e+00
3.573202e+00 -3.737094e+00
-1.582069e+00 1.830503e+00
9.228352e+00 -9.651624e+00
1.985550e+00 -2.181778e+00
6.149559e+00 -6.080225e+00
-7.812882e+00 7.527778e+00
-2.054174e+00 2.436111e+00
-3.263046e+00 4.329973e+00
1.389648e+00 -1.820227e+00
7.222270e+00 -8.172781e+00
-8.433236e+00 7.290574e+00
-8.548504e+00 8.462612e+00
7.006354e+00 -7.384911e+00
-5.742998e+00 5.861652e+00
3.375065e+00 -3.299374e+00
8.575626e-01 -1.772734e+00
6.657872e+00 -7.693870e+00
-7.498222e+00 7.667151e+00
-7.404341e+00 7.481648e+00
1.136367e+00 -1.379439e+00
8.927573e+00 -9.873528e+00
-1.700045e+00 1.969131e+00
-3.461158e+00 4.187202e+00
2.133786e+00 -1.975105e+00
8.608972e+00 -9.092739e+00
6.738557e+00 -6.713125e+00
9.909672e+00 -1.068950e+01
-9.548628e+00 1.015255e+01
-7.742837e+00 7.789557e+00
2.189355e+00 -3.198680e+00
6.411529e+00 -6.583164e+00
-4.295113e+00 4.559582e+00
-5.215778e+00 5.025663e+00
5.739516e+00 -5.897007e+00
-8.872363e+00 8.173432e+00
-2.612347e+00 2.935748e+00
1.161845e-01 -4.863529e-01
1.206973e+00 -2.437947e+00
4.572303e+00 -4.784230e+00
-2.903086e+00 3.463159e+00
2.253687e+00 -2.474560e+00
1.707508e+00 -7.154070e-01
9.523220e-01 -7.074524e-01
2.809666e+00 -2.616291e+00
-4.811017e+00 4.737722e+00
-8.307025e+00 8.268045e+00
-7.614567e+00 7.464195e+00
-5.508352e+00 5.335807e+00
3.958710e-03 2.990785e-01
6.808855e+00 -7.343060e+00
4.025867e+00 -4.640024e+00
5.780812e+00 -6.421970e+00
-2.980488e+00 4.148217e+00
-1.906925e+00 2.209663e+00
-2.126362e+00 2.300177e+00
-6.162536e+00 5.558871e+00
-8.775667e+00 9.131492e+00
1.818322e+00 -1.884865e+00
9.784334e+00 -9.662079e+00
-6.663406e+00 6.105918e+00
-9.066304e+00 9.157791e+00
5.590634e+00 -5.832572e+00
-4.948280e+00 4.511243e+00
6.592876e+00 -6.173823e+00
4.078733e+00 -4.956510e+00
8.913471e+00 -8.591077e+00
-1.821455e+00 2.212183e+00
3.239397e+00 -3.741528e+00
-7.029044e-01 2.346327e-01
2.611774e+00 -2.739085e+00
-1.008022e+00 1.169018e+00
-6.227355e+00 6.140100e+00
1.579483e-01 8.954401e-02
5.716840e-01 4.346853e-01
6.212077e+00 -6.501899e+00
4.710414e+00 -5.689498e+00
3.275832e+00 -2.804367e+00
-7.732258e+00 8.693152e+00
4.412326e+00 -4.188120e+00
6.103127e-03 -6.270274e-01
7.881991e+00 -7.952713e+00
8.397419e+00 -9.035910e+00
-8.896868e+00 9.263832e+00
6.412831e+00 -7.184194e+00
-9.246052e+00 9.074728e+00
-2.656607e+00 2.083297e+00
8.459995e-01 -7.736036e-01
-7.037984e+00 6.828864e+00
4.926276e+00 -4.825374e+00
-9.832906e+00 9.845664e+00
-6.628019e+00 6.064800e+00
1.615937e+00 -1.258094e+00
4.287751e+00 -4.315588e+00
8.332862e+00 -8.897148e+00
4.109933e+00 -2.830735e+00
3.435585e+00 -3.163623e+00
-2.113177e+00 2.025691e+00
-9.974311e+00 1.078216e+01
-7.596815e+00 8.648186e+00
6.910909e-01 -7.740613e-01
3.502598e+00 -3.304291e+00
-1.651034e+00 1.087048e+00
4.613580e+00 -4.697603e+00
4.372459e-01 -5.508776e-01
-8.516476e+00 8.621982e+00
-6.159675e+00 6.349626e+00
6.799964e+00 -6.480395e+00
4.498255e+00 -4.362600e+00
7.895240e+00 -8.586373e+00
-7.648855e+00 7.113146e+00
9.804451e+00 -1.011636e+01
-5.811866e+00 5.650753e+00
-9.764402e+00 1.036422e+01
9.948459e+00 -1.061230e+01
-4.378522e+00 4.174498e+00
3.360389e+00 -2.816379e+00
-6.466354e+00 6.295173e+00
1.604571e+00 -1.341750e+00
8.080700e+00 -8.160355e+00
-3.596377e+00 3.742957e+00
3.405080e+00 -3.535499e+00
-6.241928e+00 6.622712e+00
2.495908e+00 -3.377879e+00
-3.270993e+00 3.063602e+00
-5.775835e+00 5.945129e+00
-3.736359e+00 4.041011e+00
-6.423179e+00 7.275407e+00
8.038322e+00 -8.261532e+00
-2.056262e+00 2.900801e+00
-5.094414e+00 4.718220e+00
-1.031843e+00 1.790280e+00
-3.589277e+00 4.055915e+00
4.888385e+00 -5.409819e+00
9.424398e+00 -9.249130e+00
-1.239327e+00 1.210080e+00
7.220668e+00 -6.863563e+00
1.317261e+00 -1.444713e+00
-6.855287e+00 6.679900e+00
3.812455e+00 -3.030929e+00
2.686899e-01 -3.250432e-01
3.012130e+00 -2.540380e+00
7.793748e+00 -7.922387e+00
-1.191309e+00 2.142697e+00
8.023552e+00 -8.410769e+00
5.013380e+00 -5.363954e+00
-2.279015e-01 1.098148e+00
2.064443e+00 -2.318433e+00
-3.488377e+00 4.402326e+00
9.671946e+00 -9.162853e+00
3.347023e+00 -3.435303e+00
-9.123063e+00 8.087973e+00
-3.467562e+00 3.456534e+00
2.466289e+00 -2.408275e+00
-8.873334e+00 9.539622e+00
-9.522316e+00 1.042906e+01
-9.995152e-01 6.085010e-01
-3.346196e+00 3.803538e+00
-1.234028e+00 1.670946e+00
-4.746134e+00 5.358875e+00
-6.705645e+00 6.990314e+00
3.782867e+00 -4.891711e+00
2.914223e-01 -3.801428e-01
-5.996916e+00 5.337198e+00
-3.608211e+00 3.492557e+00
1.836158e+00 -1.276738e+00
-8.555413e+00 8.729604e+00
-7.050940e+00 7.706309e+00
-8.535088e+00 8.730173e+00
6.246347e+00 -6.987476e+00
5.048185e+00 -6.487171e+00
5.066259e+00 -4.981313e+00
4.326507e+00 -4.448623e+00
3.387708e+00 -3.945383e+00
-4.601617e-01 -5.106147e-01
2.845563e+00 -3.264980e+00
-9.232769e+00 9.121746e+00
2.429288e+00 -2.049183e+00
5.557554e+00 -5.449877e+00
7.167208e-03 9.107728e-01
-2.849733e+00 2.258575e+00
-4.451465e+00 4.954404e+00
2.856041e+00 -2.829041e+00
3.856024e+00 -3.459483e+00
7.419352e+00 -7.668530e+00
-3.153318e+00 3.765070e+00
5.395446e+00 -5.226922e+00
1.227116e+00 -1.614967e+00
7.656730e+00 -7.663594e+00
5.562422e-01 -6.929889e-01
3.525966e-01 -7.335677e-02
1.557542e+00 -2.230999e+00
4.986307e+00 -5.003062e+00
9.293810e+00 -9.068155e+00
-8.528733e+00 8.547584e+00
-8.931308e+00 9.700188e+00
8.751007e+00 -8.309168e+00
5.975125e-01 -6.017828e-01
2.298060e+00 -2.174367e+00
-3.515280e-01 5.203040e-01
-8.126851e+00 8.357068e+00
5.361788e+00 -6.403936e+00
4.944493e+00 -5.116614e+00
-3.765934e+00 2.918565e+00
-3.875215e+00 4.604902e+00
6.756828e+00 -6.791563e+00
-8.552855e+00 8.442489e+00
7.622103e+00 -7.110180e+00
-4.866766e+00 5.107844e+00
1.859695e+00 -2.503958e+00
8.719884e+00 -8.760359e+00
3.562450e+00 -3.753775e+00
-1.711404e+00 7.155645e-01
3.790684e+00 -4.184718e+00
-3.120407e+00 3.015636e+00
-4.454832e+00 4.389214e+00
9.933666e+00 -1.077977e+01
5.015805e+00 -4.358394e+00
2.894400e+00 -2.952683e+00
-2.894207e+00 2.915644e+00
-9.016783e+00 9.245483e+00
-9.378862e+00 8.929002e+00
1.083625e+00 -8.231215e-01
5.240654e+00 -5.450193e+00
7.475838e-01 -1.259386e+00
6.815701e+00 -6.488358e+00
-9.331469e+00 1.018297e+01
-2.664958e+00 3.078716e+00
-5.258592e+00 5.785459e+00
-1.054541e+00 7.573468e-01
-8.552472e+00 7.640496e+00
9.082633e+00 -8.232011e+00
-5.534892e+00 6.707680e+00
8.446156e+00 -7.565468e+00
-1.482137e+00 1.290459e+00
9.710483e+00 -1.036959e+01
1.081168e+00 -1.689496e+00
8.616657e+00 -9.577790e+00
-9.893020e+00 9.831725e+00
4.964776e+00 -4.048200e+00
8.061013e+00 -8.141879e+00
-7.205589e+00 7.378165e+00
-8.077483e+00 8.862721e+00
-1.508548e+00 1.277876e+00
8.673578e+00 -7.511627e+00
8.477312e-01 2.894247e-01
5.491293e-01 -6.239721e-01
-7.177478e+00 6.847801e+00
-9.984210e+00 1.038222e+01
6.202802e+00 -6.401181e+00
-8.248509e+00 7.588307e+00
2.676996e+00 -1.945621e+00
8.292329e+00 -7.597939e+00
-5.826962e+00 5.915733e+00
3.305457e+00 -4.026343e+00
-8.426028e+00 7.724173e+00
2.075103e+00 -2.013893e+00
-6.721366e+00 6.436022e+00
4.719071e+00 -4.913779e+00
-3.975374e+00 4.558746e+00
-7.321798e-01 1.150704e+00
1.988611e+00 -1.201920e+00
-6.574532e+00 6.009050e+00
4.832756e+00 -5.028662e+00
-3.947193e+00 4.380446e+00
3.247437e+00 -2.991659e+00
-6.834339e+00 7.709074e+00
3.762353e+00 -3.522296e+00
-7.436239e+00 8.491203e+00
-1.492870e+00 1.801131e+00
-5.055879e+00 5.662200e+00
4.967505e+00 -5.152178e+00
-4.759300e+00 4.767456e+00
7.634346e+00 -7.114348e+00
7.836404e+00 -6.915661e+00
-6.071174e+00 6.487447e+00
2.276919e+00 -2.324396e+00
-8.245647e+00 9.031877e+00
-2.169258e+00 9.180014e-01
4.266435e+00 -5.078295e+00
3.188465e+00 -2.799365e+00
2.494013e+00 -2.485960e+00
-4.349183e+00 4.694831e+00
-2.439501e+00 2.476267e+00
-7.941077e+00 8.266993e+00
4.380456e+00 -4.845345e+00
7.777594e-02 2.478771e-01
4.175313e+00 -3.607667e+00
-5.021130e+00 5.717862e+00
-3.511235e+00 4.660641e+00
-3.315693e+00 3.455033e+00
-9.485152e+00 9.641510e+00
-3.179043e+00 2.309563e+00
6.066091e+00 -6.369439e+00
7.945970e+00 -8.056188e+00
3.643663e-01 2.351921e-01
-8.899661e-01 5.411857e-01
-9.383508e+00 9.838086e+00
7.584087e+00 -7.585012e+00
-9.739796e+00 9.638662e+00


